取樣頻率
2000.000
X振動頻率
13.672
Y震動平頻率
0.732
z振動頻率
10.498
X加速度資料
X Acc Data:4106
0.000
0.002
0.001
0.000
0.001
0.000
-0.001
0.001
0.000
0.000
0.000
-0.002
0.002
-0.002
-0.002
-0.001
-0.002
0.002
-0.001
-0.001
-0.001
-0.002
-0.002
-0.005
-0.003
-0.002
0.000
-0.001
-0.002
-0.003
-0.002
-0.001
0.000
-0.001
-0.001
-0.002
-0.001
0.000
-0.004
0.000
-0.001
-0.001
0.001
-0.001
0.002
0.000
0.000
0.002
0.000
0.000
0.002
0.001
-0.001
0.003
0.001
0.000
0.002
0.000
0.002
0.001
0.002
0.003
-0.001
0.003
0.001
-0.001
0.003
0.000
0.002
0.001
0.000
0.003
0.001
0.001
0.000
-0.001
0.001
0.001
0.002
0.000
-0.001
0.000
0.000
0.000
0.001
0.000
0.000
0.001
0.000
0.000
0.002
0.001
-0.001
0.002
-0.002
0.000
0.000
0.000
-0.002
0.000
0.000
-0.003
-0.001
-0.003
-0.001
0.000
0.000
-0.002
0.000
0.000
0.000
0.000
-0.001
-0.003
-0.001
-0.002
0.000
0.000
-0.003
0.001
-0.003
0.000
0.000
0.001
-0.002
0.002
-0.002
0.001
0.001
0.001
-0.002
0.000
0.002
0.000
0.002
-0.002
0.000
0.000
0.002
-0.002
0.002
0.000
-0.001
0.002
0.000
0.003
0.001
-0.002
0.001
-0.001
0.000
0.004
0.000
0.001
0.003
0.000
0.003
0.001
0.001
0.002
0.001
0.000
0.001
0.001
0.000
0.001
-0.001
0.000
0.001
0.000
-0.003
0.001
-0.003
0.002
-0.002
0.000
0.000
-0.001
0.001
-0.001
-0.001
0.000
-0.001
-0.002
0.000
-0.001
0.000
-0.003
0.000
-0.001
-0.002
0.000
-0.001
0.000
-0.001
-0.002
0.001
-0.001
0.000
0.001
0.000
0.002
-0.001
0.000
0.002
0.000
-0.001
0.000
-0.001
0.001
0.003
0.000
-0.001
0.003
-0.001
-0.001
0.002
-0.002
0.000
0.001
-0.001
0.002
0.002
0.000
0.004
-0.001
0.002
0.003
-0.003
0.001
0.001
0.000
0.003
0.002
-0.001
0.006
0.000
-0.001
0.007
0.000
0.005
0.004
0.004
0.005
0.002
0.001
-0.001
0.000
0.000
-0.002
-0.002
-0.002
-0.006
-0.003
-0.007
-0.002
-0.010
-0.006
-0.006
-0.006
-0.002
-0.005
-0.004
-0.003
-0.003
-0.003
0.000
-0.003
0.001
-0.001
0.002
0.001
0.001
0.004
0.000
0.006
0.001
0.005
0.004
0.003
0.007
0.003
0.007
0.005
0.005
0.008
0.007
0.008
0.009
0.006
0.010
0.007
0.009
0.007
0.006
0.005
0.003
0.007
0.005
0.000
0.003
0.000
0.000
-0.002
-0.002
-0.002
-0.003
-0.005
-0.004
-0.005
-0.006
-0.009
-0.006
-0.010
-0.006
-0.008
-0.009
-0.010
-0.012
-0.010
-0.010
-0.012
-0.007
-0.010
-0.010
-0.008
-0.009
-0.005
-0.004
-0.006
-0.003
-0.004
0.002
-0.001
0.005
0.002
0.001
0.004
0.002
0.007
0.006
0.009
0.009
0.006
0.009
0.008
0.006
0.008
0.005
0.008
0.006
0.004
0.006
0.001
0.001
0.002
0.001
0.001
0.000
0.003
0.002
0.003
0.004
0.006
0.003
0.007
0.006
0.009
0.009
0.011
0.011
0.008
0.011
0.008
0.010
0.008
0.004
0.004
0.003
0.001
0.002
0.000
-0.003
-0.001
-0.004
-0.002
-0.006
-0.004
-0.006
-0.007
-0.003
-0.007
-0.006
-0.003
-0.008
-0.005
-0.005
-0.004
-0.006
-0.008
-0.006
-0.005
-0.006
-0.007
-0.006
-0.006
-0.004
-0.007
-0.004
-0.001
-0.005
-0.005
0.000
-0.004
-0.003
0.000
-0.005
-0.001
-0.002
0.000
0.000
-0.001
0.000
0.001
0.001
-0.002
0.000
0.000
0.002
0.002
0.004
0.002
0.005
0.001
0.003
0.007
0.005
0.007
0.006
0.006
0.005
0.003
0.004
0.005
0.005
0.004
0.003
0.000
0.001
0.000
0.001
-0.001
-0.001
-0.004
-0.002
-0.003
0.000
0.000
-0.001
-0.001
-0.001
0.003
0.003
0.004
0.005
0.006
0.006
0.006
0.005
0.005
0.008
0.010
0.006
0.008
0.008
0.007
0.005
0.004
0.007
0.006
0.010
0.004
0.003
0.004
0.003
0.002
0.004
0.003
0.003
0.000
0.002
0.002
0.000
0.002
-0.001
-0.001
-0.001
-0.002
-0.001
-0.002
-0.003
-0.006
-0.006
-0.010
-0.004
-0.006
-0.007
-0.010
-0.006
-0.007
-0.007
-0.006
-0.006
-0.008
-0.006
-0.003
-0.002
0.000
0.001
0.002
0.003
0.007
0.009
0.009
0.011
0.009
0.007
0.011
0.010
0.013
0.013
0.015
0.017
0.017
0.020
0.017
0.017
0.019
0.021
0.021
0.019
0.021
0.020
0.012
0.014
0.015
0.012
0.011
0.010
0.010
0.008
0.007
0.002
0.005
0.004
0.006
0.007
0.009
0.008
0.007
0.009
0.008
0.004
0.007
0.006
0.002
0.003
0.000
-0.002
-0.005
-0.008
-0.008
-0.015
-0.016
-0.017
-0.016
-0.014
-0.014
-0.016
-0.017
-0.018
-0.011
-0.012
-0.008
-0.005
-0.006
-0.007
-0.003
-0.006
-0.006
-0.007
-0.006
-0.009
-0.008
-0.007
-0.010
-0.009
-0.009
-0.016
-0.011
-0.006
-0.008
-0.002
0.003
-0.001
0.003
0.004
0.001
0.008
0.008
0.009
0.012
0.009
0.011
0.010
0.007
0.007
0.003
0.003
0.004
0.001
0.003
0.007
0.000
0.010
0.002
0.008
0.011
0.009
0.016
0.013
0.015
0.016
0.011
0.019
0.008
0.012
0.011
0.001
0.012
0.004
0.002
0.006
-0.002
0.004
-0.003
-0.002
-0.001
-0.005
0.002
-0.003
0.000
0.000
-0.002
-0.009
-0.004
-0.004
-0.002
-0.006
-0.002
-0.010
-0.010
-0.006
-0.019
-0.003
-0.016
-0.013
-0.018
-0.019
-0.020
-0.028
-0.027
-0.036
-0.032
-0.032
-0.031
-0.034
-0.027
-0.042
-0.028
-0.037
-0.034
-0.032
-0.026
-0.026
-0.028
-0.024
-0.029
-0.026
-0.022
-0.023
-0.017
-0.015
-0.003
0.000
0.005
0.006
0.016
0.016
0.023
0.029
0.039
0.041
0.045
0.051
0.056
0.052
0.058
0.058
0.057
0.070
0.064
0.070
0.068
0.070
0.071
0.068
0.080
0.076
0.077
0.085
0.083
0.081
0.080
0.069
0.064
0.060
0.060
0.055
0.045
0.045
0.030
0.021
0.021
0.005
0.007
0.000
-0.005
-0.004
-0.016
-0.016
-0.022
-0.026
-0.031
-0.034
-0.033
-0.040
-0.037
-0.037
-0.047
-0.040
-0.045
-0.050
-0.044
-0.050
-0.056
-0.049
-0.049
-0.047
-0.052
-0.046
-0.052
-0.052
-0.043
-0.043
-0.042
-0.040
-0.044
-0.041
-0.044
-0.038
-0.036
-0.046
-0.041
-0.047
-0.046
-0.041
-0.039
-0.042
-0.046
-0.044
-0.046
-0.043
-0.036
-0.033
-0.031
-0.024
-0.020
-0.018
-0.005
-0.001
0.002
-0.001
0.014
0.011
0.015
0.023
0.013
0.020
0.023
0.022
0.032
0.029
0.032
0.036
0.031
0.034
0.043
0.037
0.042
0.043
0.038
0.041
0.034
0.045
0.036
0.034
0.042
0.028
0.040
0.048
0.040
0.042
0.043
0.041
0.048
0.049
0.058
0.055
0.058
0.069
0.062
0.079
0.077
0.071
0.087
0.074
0.084
0.083
0.073
0.081
0.060
0.064
0.059
0.049
0.052
0.043
0.037
0.039
0.024
0.021
0.011
0.004
-0.009
-0.010
-0.020
-0.032
-0.031
-0.047
-0.052
-0.057
-0.063
-0.071
-0.072
-0.065
-0.072
-0.071
-0.066
-0.069
-0.073
-0.075
-0.076
-0.084
-0.070
-0.081
-0.074
-0.075
-0.074
-0.074
-0.079
-0.067
-0.070
-0.065
-0.064
-0.061
-0.062
-0.069
-0.060
-0.071
-0.061
-0.065
-0.060
-0.052
-0.046
-0.042
-0.038
-0.029
-0.027
-0.010
-0.006
0.009
0.014
0.027
0.035
0.036
0.048
0.054
0.062
0.067
0.080
0.085
0.096
0.097
0.103
0.109
0.106
0.115
0.107
0.114
0.107
0.102
0.100
0.091
0.086
0.084
0.070
0.068
0.069
0.059
0.058
0.063
0.052
0.050
0.052
0.038
0.043
0.031
0.031
0.021
0.017
0.003
0.005
-0.010
-0.005
-0.018
-0.026
-0.028
-0.045
-0.043
-0.056
-0.063
-0.068
-0.080
-0.086
-0.082
-0.096
-0.092
-0.099
-0.099
-0.094
-0.090
-0.084
-0.081
-0.088
-0.081
-0.084
-0.079
-0.078
-0.074
-0.066
-0.067
-0.060
-0.049
-0.051
-0.039
-0.035
-0.031
-0.025
-0.018
-0.011
-0.008
-0.005
0.000
-0.002
0.004
0.012
0.009
0.024
0.025
0.037
0.051
0.063
0.072
0.081
0.084
0.096
0.104
0.115
0.118
0.121
0.121
0.127
0.121
0.126
0.117
0.114
0.110
0.107
0.096
0.104
0.081
0.083
0.069
0.053
0.056
0.037
0.026
0.021
0.009
0.007
0.006
-0.010
-0.010
-0.023
-0.032
-0.037
-0.047
-0.050
-0.054
-0.068
-0.064
-0.076
-0.077
-0.082
-0.093
-0.093
-0.099
-0.113
-0.105
-0.110
-0.123
-0.123
-0.127
-0.132
-0.129
-0.129
-0.125
-0.127
-0.107
-0.103
-0.098
-0.082
-0.085
-0.070
-0.059
-0.045
-0.043
-0.026
-0.014
-0.008
0.012
0.024
0.034
0.052
0.057
0.062
0.069
0.089
0.086
0.095
0.112
0.096
0.104
0.112
0.111
0.115
0.120
0.127
0.126
0.123
0.132
0.120
0.124
0.122
0.114
0.108
0.105
0.091
0.095
0.084
0.074
0.067
0.053
0.042
0.026
0.016
0.007
-0.011
-0.030
-0.039
-0.055
-0.060
-0.078
-0.080
-0.089
-0.092
-0.099
-0.104
-0.106
-0.113
-0.117
-0.122
-0.117
-0.119
-0.121
-0.116
-0.107
-0.103
-0.097
-0.091
-0.092
-0.083
-0.083
-0.079
-0.065
-0.061
-0.064
-0.047
-0.048
-0.034
-0.020
-0.009
0.004
0.018
0.032
0.041
0.047
0.056
0.075
0.075
0.078
0.082
0.088
0.087
0.093
0.101
0.099
0.103
0.093
0.093
0.088
0.084
0.081
0.076
0.063
0.052
0.041
0.042
0.034
0.025
0.023
0.017
0.011
0.001
-0.003
-0.005
-0.004
-0.016
-0.021
-0.017
-0.027
-0.028
-0.029
-0.021
-0.025
-0.031
-0.039
-0.041
-0.054
-0.059
-0.061
-0.060
-0.067
-0.073
-0.080
-0.079
-0.072
-0.082
-0.074
-0.067
-0.069
-0.060
-0.058
-0.049
-0.042
-0.031
-0.027
-0.021
-0.008
0.004
0.013
0.027
0.040
0.046
0.050
0.052
0.061
0.065
0.065
0.069
0.074
0.074
0.070
0.064
0.065
0.069
0.067
0.063
0.056
0.060
0.056
0.052
0.051
0.056
0.048
0.043
0.035
0.033
0.038
0.026
0.029
0.028
0.012
0.005
-0.001
-0.007
-0.020
-0.031
-0.032
-0.048
-0.058
-0.067
-0.076
-0.071
-0.075
-0.080
-0.087
-0.087
-0.092
-0.096
-0.093
-0.090
-0.085
-0.090
-0.082
-0.080
-0.071
-0.065
-0.057
-0.042
-0.037
-0.033
-0.027
-0.018
-0.011
-0.013
-0.009
0.008
0.003
0.004
0.004
0.008
0.022
0.025
0.020
0.026
0.028
0.031
0.036
0.039
0.047
0.054
0.054
0.053
0.057
0.057
0.060
0.060
0.063
0.061
0.060
0.056
0.054
0.052
0.046
0.044
0.043
0.042
0.030
0.032
0.033
0.033
0.029
0.022
0.025
0.019
0.015
0.012
0.015
0.018
0.010
0.004
0.007
0.007
-0.002
-0.009
-0.005
-0.006
-0.009
-0.012
-0.014
-0.018
-0.029
-0.029
-0.040
-0.047
-0.053
-0.058
-0.063
-0.065
-0.069
-0.072
-0.067
-0.070
-0.076
-0.073
-0.074
-0.070
-0.066
-0.066
-0.063
-0.061
-0.051
-0.050
-0.045
-0.031
-0.018
-0.013
-0.011
0.000
0.008
0.013
0.015
0.008
0.018
0.013
0.010
0.012
0.012
0.014
0.013
0.015
0.016
0.014
0.015
0.013
0.008
0.005
0.002
0.015
0.009
0.016
0.006
0.012
0.022
0.022
0.023
0.035
0.024
0.036
0.034
0.031
0.044
0.034
0.039
0.030
0.024
0.023
0.014
0.008
0.012
-0.007
-0.002
-0.003
-0.014
-0.006
-0.020
-0.020
-0.018
-0.031
-0.022
-0.024
-0.026
-0.017
-0.029
-0.026
-0.021
-0.025
-0.007
-0.019
-0.012
-0.006
-0.005
0.001
0.000
-0.001
0.009
0.006
-0.003
0.007
-0.007
-0.001
-0.007
-0.007
-0.005
-0.009
-0.007
-0.008
-0.003
-0.002
0.001
0.000
0.006
0.006
0.007
0.011
0.014
0.018
0.019
0.021
0.028
0.028
0.036
0.035
0.036
0.041
0.035
0.036
0.041
0.032
0.034
0.034
0.028
0.024
0.025
0.025
0.015
0.014
0.008
0.002
0.006
0.003
-0.001
0.002
-0.002
-0.005
-0.005
-0.010
-0.014
-0.012
-0.020
-0.024
-0.022
-0.023
-0.025
-0.026
-0.028
-0.034
-0.034
-0.030
-0.036
-0.036
-0.041
-0.044
-0.037
-0.042
-0.044
-0.046
-0.046
-0.037
-0.047
-0.040
-0.049
-0.046
-0.038
-0.043
-0.046
-0.043
-0.046
-0.037
-0.033
-0.034
-0.032
-0.028
-0.023
-0.019
-0.017
-0.016
-0.013
-0.017
-0.006
-0.002
-0.004
0.002
-0.001
-0.001
0.010
0.006
0.012
0.014
0.005
0.015
0.021
0.017
0.023
0.025
0.023
0.027
0.029
0.026
0.028
0.034
0.030
0.032
0.034
0.030
0.031
0.028
0.020
0.019
0.020
0.014
0.013
0.016
0.012
0.011
0.009
0.012
0.011
0.011
0.006
0.008
0.004
0.001
0.001
0.006
-0.001
-0.001
0.001
0.001
0.006
0.011
0.008
0.007
0.012
0.014
0.015
0.022
0.025
0.017
0.025
0.021
0.018
0.029
0.026
0.025
0.029
0.029
0.023
0.033
0.031
0.026
0.029
0.028
0.027
0.026
0.023
0.022
0.019
0.019
0.016
0.011
0.012
0.010
0.003
0.004
0.004
-0.004
-0.002
-0.009
-0.018
-0.024
-0.023
-0.029
-0.032
-0.040
-0.046
-0.046
-0.050
-0.050
-0.055
-0.054
-0.056
-0.054
-0.054
-0.055
-0.055
-0.062
-0.052
-0.058
-0.057
-0.054
-0.056
-0.057
-0.052
-0.056
-0.052
-0.055
-0.058
-0.055
-0.059
-0.056
-0.053
-0.057
-0.054
-0.054
-0.054
-0.044
-0.052
-0.044
-0.048
-0.044
-0.042
-0.040
-0.037
-0.031
-0.031
-0.026
-0.025
-0.021
-0.014
-0.008
-0.006
0.000
0.008
0.012
0.020
0.028
0.033
0.039
0.046
0.052
0.058
0.068
0.065
0.074
0.073
0.077
0.080
0.084
0.081
0.079
0.085
0.078
0.088
0.084
0.079
0.086
0.074
0.080
0.080
0.074
0.082
0.073
0.067
0.077
0.063
0.064
0.070
0.052
0.057
0.054
0.045
0.049
0.041
0.032
0.038
0.028
0.024
0.028
0.019
0.012
0.012
0.006
0.003
-0.001
0.001
-0.004
-0.005
-0.010
-0.015
-0.015
-0.016
-0.020
-0.021
-0.025
-0.030
-0.029
-0.027
-0.035
-0.037
-0.037
-0.042
-0.049
-0.047
-0.052
-0.057
-0.051
-0.056
-0.062
-0.057
-0.059
-0.062
-0.060
-0.059
-0.065
-0.056
-0.053
-0.058
-0.055
-0.048
-0.051
-0.052
-0.043
-0.044
-0.048
-0.041
-0.042
-0.045
-0.041
-0.044
-0.045
-0.044
-0.042
-0.042
-0.048
-0.042
-0.042
-0.045
-0.039
-0.040
-0.038
-0.033
-0.033
-0.033
-0.027
-0.026
-0.023
-0.021
-0.014
-0.010
-0.008
-0.004
-0.002
0.002
0.007
0.009
0.011
0.020
0.019
0.018
0.022
0.023
0.024
0.026
0.030
0.028
0.032
0.035
0.031
0.036
0.039
0.033
0.041
0.042
0.041
0.050
0.047
0.049
0.053
0.055
0.059
0.056
0.060
0.062
0.058
0.066
0.064
0.062
0.067
0.062
0.063
0.065
0.061
0.059
0.057
0.057
0.052
0.054
0.048
0.047
0.040
0.041
0.035
0.032
0.031
0.024
0.023
0.019
0.015
0.010
0.003
0.001
-0.004
-0.004
-0.006
-0.013
-0.015
-0.017
-0.023
-0.023
-0.026
-0.027
-0.028
-0.036
-0.033
-0.035
-0.037
-0.038
-0.041
-0.043
-0.040
-0.045
-0.046
-0.046
-0.051
-0.044
-0.048
-0.048
-0.046
-0.050
-0.047
-0.047
-0.048
-0.043
-0.046
-0.045
-0.045
-0.042
-0.041
-0.041
-0.039
-0.038
-0.034
-0.034
-0.030
-0.029
-0.023
-0.023
-0.021
-0.016
-0.019
-0.011
-0.010
-0.007
-0.003
-0.002
0.002
0.004
0.005
0.012
0.012
0.012
0.018
0.015
0.017
0.020
0.021
0.021
0.024
0.022
0.024
0.022
0.021
0.022
0.023
0.024
0.026
0.026
0.025
0.023
0.025
0.027
0.023
0.028
0.026
0.028
0.029
0.029
0.030
0.028
0.030
0.029
0.029
0.029
0.027
0.031
0.026
0.026
0.028
0.023
0.021
0.023
0.021
0.019
0.018
0.013
0.012
0.016
0.013
0.009
0.011
0.006
0.005
0.006
0.000
0.004
0.002
0.000
0.001
0.000
-0.001
0.001
-0.002
-0.005
-0.002
-0.006
-0.007
-0.006
-0.006
-0.009
-0.010
-0.010
-0.011
-0.011
-0.012
-0.015
-0.016
-0.015
-0.017
-0.020
-0.017
-0.020
-0.022
-0.022
-0.022
-0.023
-0.023
-0.026
-0.025
-0.024
-0.026
-0.026
-0.026
-0.028
-0.026
-0.026
-0.026
-0.024
-0.025
-0.025
-0.023
-0.024
-0.023
-0.020
-0.018
-0.022
-0.016
-0.019
-0.016
-0.011
-0.013
-0.013
-0.009
-0.014
-0.008
-0.005
-0.003
-0.004
0.002
0.000
0.003
0.008
0.005
0.011
0.013
0.015
0.017
0.015
0.019
0.019
0.021
0.025
0.022
0.025
0.027
0.027
0.027
0.030
0.030
0.030
0.034
0.030
0.030
0.034
0.031
0.034
0.034
0.031
0.035
0.032
0.029
0.031
0.030
0.030
0.028
0.026
0.026
0.025
0.021
0.024
0.018
0.015
0.015
0.011
0.009
0.008
0.005
0.000
0.001
-0.001
-0.002
0.000
-0.005
-0.006
-0.007
-0.010
-0.011
-0.009
-0.012
-0.011
-0.012
-0.013
-0.015
-0.016
-0.016
-0.017
-0.020
-0.020
-0.021
-0.024
-0.024
-0.027
-0.027
-0.024
-0.030
-0.030
-0.029
-0.028
-0.027
-0.027
-0.028
-0.024
-0.023
-0.022
-0.020
-0.019
-0.018
-0.017
-0.017
-0.014
-0.013
-0.013
-0.010
-0.011
-0.010
-0.008
-0.008
-0.006
-0.007
-0.006
-0.006
-0.003
0.000
-0.001
0.002
0.004
0.005
0.006
0.009
0.009
0.010
0.010
0.012
0.013
0.013
0.015
0.015
0.017
0.018
0.017
0.019
0.019
0.021
0.021
0.022
0.023
0.025
0.023
0.020
0.026
0.023
0.023
0.026
0.023
0.022
0.021
0.021
0.019
0.021
0.018
0.017
0.018
0.013
0.015
0.015
0.012
0.012
0.013
0.010
0.011
0.010
0.009
0.010
0.006
0.008
0.005
0.005
0.004
0.002
0.002
0.002
0.003
-0.002
-0.003
-0.006
0.000
-0.006
-0.005
-0.003
-0.012
-0.003
-0.007
-0.009
-0.008
-0.011
-0.011
-0.017
-0.014
-0.017
-0.023
-0.017
-0.024
-0.025
-0.022
-0.023
-0.026
-0.023
-0.016
-0.024
-0.021
-0.015
-0.023
-0.016
-0.019
-0.016
-0.016
-0.017
-0.012
-0.019
-0.014
-0.009
-0.016
-0.010
-0.009
-0.011
-0.008
-0.007
-0.006
-0.004
0.000
-0.004
-0.005
0.000
0.001
0.000
0.003
0.004
0.003
0.004
0.011
0.008
0.010
0.013
0.010
0.016
0.017
0.015
0.018
0.022
0.021
0.021
0.023
0.022
0.023
0.025
0.019
0.025
0.022
0.020
0.023
0.019
0.020
0.020
0.018
0.020
0.016
0.018
0.014
0.011
0.013
0.010
0.012
0.011
0.009
0.011
0.010
0.005
0.009
0.003
0.006
0.004
0.001
0.005
0.000
-0.004
0.002
-0.003
-0.002
-0.002
-0.010
-0.004
-0.006
-0.010
-0.006
-0.013
-0.010
-0.012
-0.015
-0.009
-0.012
-0.016
-0.014
-0.018
-0.020
-0.014
-0.020
-0.018
-0.016
-0.019
-0.017
-0.018
-0.022
-0.018
-0.019
-0.021
-0.018
-0.016
-0.016
-0.013
-0.015
-0.012
-0.013
-0.010
-0.007
-0.005
-0.004
-0.002
-0.003
-0.002
0.000
0.002
-0.002
0.003
0.003
0.000
0.003
-0.001
0.002
0.004
-0.001
0.004
0.005
0.002
0.008
0.004
0.006
0.010
0.010
0.011
0.013
0.013
0.017
0.016
0.018
0.017
0.018
0.018
0.021
0.019
0.019
0.021
0.020
0.015
0.015
0.014
0.012
0.012
0.011
0.009
0.010
0.008
0.007
0.006
0.008
0.007
0.007
0.008
0.007
0.006
0.008
0.009
0.007
0.010
0.007
0.006
0.008
0.007
0.005
0.006
0.003
0.003
-0.001
0.000
-0.003
-0.003
-0.006
-0.007
-0.007
-0.009
-0.007
-0.007
-0.012
-0.010
-0.011
-0.011
-0.009
-0.011
-0.012
-0.010
-0.014
-0.010
-0.009
-0.009
-0.009
-0.009
-0.009
-0.009
-0.009
-0.009
-0.010
-0.007
-0.008
-0.006
-0.007
-0.012
-0.007
-0.010
-0.005
-0.006
-0.010
-0.006
-0.009
-0.006
-0.007
-0.007
-0.006
-0.005
-0.006
-0.004
-0.002
-0.004
-0.001
-0.001
-0.001
0.003
0.005
0.003
0.004
0.004
0.010
0.009
0.012
0.012
0.011
0.011
0.011
0.013
0.011
0.013
0.010
0.009
0.013
0.011
0.011
0.012
0.010
0.012
0.013
0.008
0.011
0.012
0.013
0.014
0.015
0.016
0.018
0.017
0.021
0.017
0.018
0.022
0.017
0.015
0.019
0.018
0.016
0.018
0.017
0.015
0.015
0.014
0.009
0.012
0.013
0.010
0.011
0.010
0.008
0.007
0.006
0.004
0.002
0.000
0.000
-0.007
-0.005
-0.006
-0.005
-0.003
-0.007
-0.003
-0.005
-0.003
0.000
-0.005
0.001
0.001
-0.003
0.001
-0.004
-0.004
-0.005
-0.005
-0.010
-0.013
-0.010
-0.012
-0.016
-0.015
-0.015
-0.022
-0.020
-0.018
-0.021
-0.020
-0.016
-0.018
-0.014
-0.009
-0.014
-0.011
-0.009
-0.008
-0.009
-0.004
-0.006
-0.007
-0.003
0.000
-0.005
0.001
0.001
-0.008
-0.002
-0.002
-0.012
-0.008
-0.008
-0.014
-0.011
-0.012
-0.010
-0.014
-0.014
-0.010
-0.016
-0.009
-0.008
-0.013
-0.008
-0.008
-0.010
-0.004
-0.003
-0.006
-0.005
-0.004
-0.005
-0.005
-0.008
0.000
-0.006
-0.005
0.007
-0.004
0.003
0.003
0.001
0.005
0.004
0.010
0.006
0.008
0.009
0.005
0.007
0.014
0.013
0.019
0.023
0.022
0.024
0.029
0.024
0.027
0.031
0.029
0.035
0.035
0.032
0.042
0.035
0.041
0.040
0.035
0.040
0.037
0.037
0.040
0.034
0.037
0.040
0.033
0.040
0.040
0.036
0.032
0.034
0.034
0.033
0.034
0.027
0.030
0.028
0.023
0.026
0.019
0.012
0.010
0.006
0.002
-0.004
-0.007
-0.012
-0.016
-0.023
-0.021
-0.024
-0.029
-0.030
-0.039
-0.041
-0.037
-0.045
-0.044
-0.043
-0.049
-0.048
-0.050
-0.060
-0.060
-0.063
-0.065
-0.067
-0.071
-0.074
-0.082
-0.077
-0.083
-0.079
-0.082
-0.077
-0.082
-0.077
-0.071
-0.068
-0.058
-0.055
-0.051
-0.049
-0.044
-0.036
-0.028
-0.029
-0.023
-0.019
-0.016
-0.015
-0.016
-0.014
-0.015
-0.014
-0.017
-0.013
-0.007
-0.008
-0.006
0.000
0.006
0.006
0.020
0.021
0.024
0.034
0.042
0.051
0.058
0.056
0.060
0.069
0.075
0.077
0.078
0.082
0.081
0.075
0.076
0.081
0.072
0.078
0.069
0.068
0.071
0.064
0.063
0.063
0.060
0.056
0.057
0.055
0.060
0.048
0.047
0.044
0.043
0.035
0.031
0.027
0.021
0.016
0.011
0.008
0.002
0.001
-0.003
-0.002
-0.006
-0.007
-0.007
-0.008
-0.014
-0.011
-0.011
-0.011
-0.006
-0.007
-0.007
-0.014
-0.016
-0.008
-0.010
-0.010
-0.010
-0.011
-0.008
-0.009
-0.007
-0.007
-0.015
-0.017
-0.013
-0.021
-0.022
-0.030
-0.035
-0.035
-0.041
-0.046
-0.052
-0.059
-0.055
-0.063
-0.064
-0.074
-0.079
-0.082
-0.086
-0.094
-0.103
-0.103
-0.105
-0.111
-0.112
-0.108
-0.115
-0.109
-0.108
-0.104
-0.099
-0.088
-0.089
-0.079
-0.071
-0.067
-0.053
-0.046
-0.033
-0.031
-0.021
-0.009
-0.001
-0.004
0.005
0.009
0.020
0.027
0.025
0.034
0.039
0.050
0.053
0.056
0.060
0.068
0.073
0.083
0.078
0.082
0.091
0.093
0.093
0.097
0.099
0.102
0.106
0.102
0.099
0.105
0.100
0.090
0.081
0.083
0.079
0.073
0.055
0.047
0.035
0.036
0.028
0.017
0.016
0.006
0.001
-0.006
-0.011
-0.019
-0.020
-0.026
-0.027
-0.026
-0.032
-0.039
-0.028
-0.034
-0.034
-0.028
-0.021
-0.019
-0.012
-0.011
-0.006
0.001
-0.005
-0.002
0.000
0.003
-0.004
-0.007
-0.011
-0.021
-0.020
-0.020
-0.021
-0.021
-0.030
-0.026
-0.029
-0.031
-0.032
-0.032
-0.030
-0.031
-0.031
-0.032
-0.027
-0.030
-0.030
-0.022
-0.014
-0.020
-0.013
-0.014
-0.008
-0.008
-0.013
-0.007
-0.005
0.005
-0.001
-0.007
-0.002
0.000
-0.005
0.002
-0.001
-0.004
-0.008
-0.010
-0.009
-0.013
-0.017
-0.018
-0.017
-0.017
-0.026
-0.024
-0.020
-0.029
-0.029
-0.038
-0.036
-0.032
-0.033
-0.035
-0.035
-0.036
-0.040
-0.051
-0.055
-0.055
-0.063
-0.062
-0.054
-0.059
-0.054
-0.056
-0.057
-0.049
-0.047
-0.042
-0.036
-0.029
-0.029
-0.030
-0.018
-0.006
-0.002
0.005
0.023
0.029
0.031
0.034
0.046
0.060
0.071
0.068
0.081
0.088
0.076
0.074
0.075
0.079
0.083
0.077
0.080
0.081
0.063
0.062
0.063
0.065
0.068
0.051
0.051
0.052
0.040
0.041
0.036
0.040
0.039
0.031
0.029
0.034
0.031
0.022
0.025
0.024
0.017
0.009
-0.002
0.001
-0.010
-0.012
-0.017
-0.021
-0.026
-0.036
-0.034
-0.036
-0.043
-0.046
-0.055
-0.057
-0.064
-0.068
-0.062
-0.059
-0.054
-0.054
-0.048
-0.051
-0.041
-0.034
-0.029
-0.026
-0.039
-0.039
-0.042
-0.051
-0.047
-0.050
-0.044
-0.047
-0.051
-0.044
-0.038
-0.034
-0.028
-0.023
-0.015
-0.014
-0.011
-0.001
0.006
0.010
0.021
0.033
0.035
0.030
0.032
0.053
0.056
0.056
0.061
0.065
0.066
0.052
0.059
0.061
0.059
0.061
0.048
0.046
0.043
0.036
0.032
0.027
0.029
0.014
0.006
0.000
0.001
-0.008
-0.016
-0.011
-0.014
-0.022
-0.029
-0.025
-0.022
-0.029
-0.035
-0.045
-0.038
-0.056
-0.064
-0.062
-0.063
-0.058
-0.064
-0.063
-0.054
-0.065
-0.050
-0.052
-0.048
-0.048
-0.051
-0.043
-0.040
-0.042
-0.037
-0.030
-0.016
-0.016
-0.013
-0.003
0.012
0.010
0.018
0.019
0.022
0.025
0.019
0.029
0.022
0.023
0.033
0.031
0.037
0.034
0.039
0.045
0.043
0.053
0.054
0.055
0.064
0.064
0.073
0.076
0.080
0.086
0.087
0.092
0.094
0.101
0.098
0.099
0.092
0.091
0.089
0.075
0.062
0.061
0.055
0.044
0.024
0.021
0.006
-0.004
-0.024
-0.028
-0.043
-0.062
-0.077
-0.087
-0.096
-0.105
-0.110
-0.104
-0.114
-0.115
-0.119
-0.106
-0.115
-0.114
-0.118
-0.112
-0.112
-0.122
-0.115
-0.117
-0.111
-0.103
-0.101
-0.078
-0.083
-0.072
-0.057
-0.052
-0.033
-0.031
-0.021
-0.006
-0.003
0.012
0.028
0.041
0.055
0.060
0.073
0.082
0.096
0.085
0.110
0.103
0.111
0.115
0.111
0.117
0.110
0.111
0.112
0.106
0.116
0.102
0.098
0.100
0.084
0.083
0.076
0.064
0.062
0.054
0.042
0.038
0.030
0.028
0.011
0.012
-0.003
-0.010
-0.018
-0.024
-0.040
-0.048
-0.063
-0.074
-0.076
-0.087
-0.097
-0.097
-0.105
-0.106
-0.109
-0.119
-0.112
-0.122
-0.118
-0.112
-0.124
-0.114
-0.115
-0.117
-0.095
-0.101
-0.081
-0.072
-0.070
-0.052
-0.044
-0.036
-0.028
-0.013
-0.011
0.009
0.010
0.021
0.031
0.038
0.044
0.057
0.058
0.071
0.079
0.072
0.082
0.082
0.090
0.097
0.098
0.104
0.101
0.107
0.110
0.102
0.111
0.112
0.105
0.119
0.105
0.107
0.104
0.098
0.093
0.081
0.081
0.073
0.059
0.052
0.040
0.029
0.020
0.001
-0.006
-0.029
-0.035
-0.052
-0.063
-0.077
-0.079
-0.088
-0.090
-0.104
-0.101
-0.100
-0.100
-0.100
-0.098
-0.101
-0.090
-0.091
-0.090
-0.082
-0.081
-0.070
-0.071
-0.058
-0.057
-0.047
-0.046
-0.038
-0.040
-0.024
-0.026
-0.018
-0.011
-0.008
-0.003
0.000
0.004
0.007
0.015
0.012
0.025
0.021
0.032
0.032
0.034
0.044
0.045
0.047
0.055
0.055
0.054
0.054
0.057
0.059
0.062
0.065
0.070
0.064
0.069
0.065
0.066
0.063
0.064
0.063
0.058
0.062
0.055
0.051
0.045
0.041
0.033
0.037
0.028
0.027
0.019
0.018
0.012
0.003
0.008
-0.010
-0.010
-0.017
-0.025
-0.029
-0.037
-0.040
-0.048
-0.053
-0.053
-0.064
-0.066
-0.070
-0.077
-0.085
-0.083
-0.087
-0.092
-0.093
-0.094
-0.091
-0.094
-0.090
-0.095
-0.091
-0.089
-0.087
-0.077
-0.076
-0.076
-0.065
-0.058
-0.047
-0.050
-0.034
-0.029
-0.023
-0.009
-0.004
0.004
0.019
0.024
0.035
0.045
0.049
0.057
0.067
0.080
0.087
0.092
0.104
0.100
0.113
0.114
0.113
0.123
0.110
0.112
0.119
0.109
0.111
0.102
0.100
0.097
0.087
0.107
0.087
0.085
0.093
0.075
0.079
0.071
0.065
0.068
0.052
0.063
0.045
0.037
0.044
0.025
0.022
0.023
0.004
0.008
-0.002
0.001
-0.007
-0.015
-0.011
-0.023
-0.027
-0.025
-0.035
-0.042
-0.050
-0.055
-0.060
-0.074
-0.074
-0.087
-0.100
-0.101
-0.111
-0.105
-0.110
-0.113
-0.109
-0.116
-0.108
-0.114
-0.110
-0.108
-0.107
-0.106
-0.102
-0.091
-0.093
-0.087
-0.084
-0.080
-0.077
-0.064
-0.058
-0.051
-0.043
-0.035
-0.024
-0.021
-0.002
0.010
0.015
0.031
0.035
0.043
0.053
0.056
0.066
0.068
0.071
0.073
0.075
0.083
0.081
0.079
0.084
0.081
0.078
0.081
0.082
0.083
0.083
0.084
0.080
0.080
0.079
0.076
0.076
0.069
0.068
0.064
0.064
0.054
0.046
0.045
0.039
0.035
0.026
0.024
0.015
0.013
0.006
0.003
0.005
0.000
-0.010
-0.012
-0.011
-0.017
-0.013
-0.012
-0.013
-0.018
-0.019
-0.022
-0.021
-0.021
-0.022
-0.024
-0.023
-0.029
-0.023
-0.021
-0.024
-0.024
-0.028
-0.025
-0.019
-0.022
-0.018
-0.019
-0.021
-0.016
-0.017
-0.013
-0.011
-0.008
-0.005
-0.004
-0.005
0.002
-0.003
0.003
0.000
0.003
-0.002
0.001
-0.003
-0.001
0.000
-0.001
-0.003
-0.008
-0.001
-0.007
0.005
-0.002
0.003
0.002
-0.003
-0.001
-0.006
0.000
-0.006
-0.005
-0.006
-0.003
-0.007
-0.010
-0.008
-0.014
-0.009
-0.011
-0.011
-0.009
-0.010
-0.006
-0.005
-0.007
-0.003
-0.004
-0.002
0.004
0.002
0.001
0.001
-0.003
0.004
0.000
0.000
0.003
-0.001
0.000
-0.003
-0.003
-0.004
-0.007
-0.004
-0.004
-0.006
-0.008
-0.010
-0.011
-0.009
-0.007
-0.007
-0.005
0.000
-0.004
0.003
0.004
0.003
0.007
0.007
0.008
0.007
0.011
0.014
0.006
0.013
0.012
0.006
0.011
0.012
0.010
0.014
0.012
0.011
0.011
0.012
0.011
0.008
0.015
0.008
0.010
0.014
0.013
0.012
0.011
0.011
0.011
0.013
0.010
0.009
0.010
0.007
0.008
0.009
0.007
0.008
0.009
0.004
0.009
0.007
0.009
0.010
0.008
0.008
0.008
0.012
0.014
0.010
0.015
0.014
0.015
0.017
0.018
0.016
0.018
0.017
0.019
0.019
0.017
0.017
0.013
0.016
0.013
0.011
0.014
0.010
0.009
0.007
0.004
0.005
0.007
0.000
-0.001
0.000
-0.006
-0.007
-0.010
-0.011
-0.012
-0.015
-0.018
-0.022
-0.025
-0.023
-0.025
-0.026
-0.029
-0.029
-0.029
-0.032
-0.031
-0.034
-0.033
-0.034
-0.034
-0.031
-0.031
-0.031
-0.031
-0.032
-0.029
-0.026
-0.023
-0.020
-0.017
-0.015
-0.014
-0.005
-0.007
0.000
0.004
0.008
0.015
0.013
0.020
0.024
0.026
0.031
0.032
0.036
0.039
0.041
0.042
0.042
0.043
0.043
0.045
0.044
0.043
0.045
0.044
0.040
0.044
0.040
0.038
0.038
0.035
0.033
0.032
0.028
0.026
0.025
0.020
0.021
0.018
0.011
0.012
0.004
0.003
-0.003
-0.008
-0.008
-0.012
-0.017
-0.019
-0.024
-0.030
-0.027
-0.038
-0.032
-0.042
-0.038
-0.041
-0.044
-0.042
-0.042
-0.044
-0.041
-0.042
-0.039
-0.037
-0.036
-0.035
-0.033
-0.032
-0.031
-0.027
-0.022
-0.019
-0.018
-0.017
-0.014
-0.008
-0.010
-0.005
-0.001
0.003
0.005
0.010
0.012
0.014
0.020
0.022
0.022
0.027
0.026
0.030
0.030
0.031
0.029
0.032
0.030
0.032
0.031
0.035
0.033
0.031
0.034
0.031
0.029
0.031
0.029
0.030
0.028
0.025
0.024
0.021
0.017
0.015
0.013
0.009
0.008
0.008
0.002
0.000
-0.003
-0.005
-0.007
-0.010
-0.011
-0.013
-0.016
-0.019
-0.018
-0.021
-0.020
-0.021
-0.020
-0.023
-0.021
-0.024
-0.022
-0.023
-0.026
-0.020
-0.024
-0.021
-0.021
-0.022
-0.022
-0.021
-0.018
-0.017
-0.015
-0.014
-0.009
-0.010
-0.005
-0.006
-0.001
-0.001
0.002
0.003
0.006
0.005
0.007
0.009
0.009
0.010
0.013
0.011
0.015
0.013
0.015
0.014
0.015
0.012
0.013
0.015
0.009
0.015
0.014
0.010
0.014
0.008
0.010
0.010
0.008
0.010
0.009
0.007
0.005
0.006
0.001
0.002
0.003
0.002
0.000
0.001
0.000
0.000
-0.002
-0.002
-0.002
-0.004
-0.005
-0.003
-0.005
-0.005
-0.007
-0.007
-0.006
-0.005
-0.008
-0.006
-0.004
-0.008
-0.005
-0.006
-0.008
-0.003
-0.004
-0.004
-0.003
-0.005
-0.004
-0.002
-0.005
-0.001
0.000
-0.001
0.002
-0.002
0.001
0.000
0.000
-0.002
0.002
0.001
0.001
0.001
0.000
-0.003
-0.002
-0.002
-0.003
-0.003
-0.006
-0.006
-0.003
-0.006
0.000
-0.005
0.002
-0.002
0.001
0.004
0.003
0.005
0.006
0.003
0.010
0.007
0.011
0.012
0.012
0.012
0.016
0.016
0.015
0.016
0.014
0.016
0.014
0.014
0.014
0.013
0.010
0.015
0.010
0.009
0.010
0.005
0.009
0.005
0.002
0.004
-0.005
0.000
-0.006
-0.007
-0.006
-0.012
-0.010
-0.011
-0.016
-0.012
-0.017
-0.021
-0.014
-0.018
-0.019
-0.014
-0.020
-0.013
-0.018
-0.017
-0.014
-0.017
-0.015
-0.012
-0.017
-0.010
-0.011
-0.010
-0.005
-0.011
-0.003
-0.001
-0.006
0.005
0.000
0.001
0.010
0.002
0.009
0.009
0.005
0.014
0.008
0.010
0.018
0.006
0.017
0.014
0.010
0.019
0.010
0.013
0.014
0.009
0.014
0.010
0.012
0.010
0.007
0.007
0.005
0.007
0.007
0.003
0.007
0.001
0.004
0.003
-0.001
0.001
0.001
-0.002
Y加速度資料
Y Acc Data:4106
-0.005
-0.004
-0.006
-0.006
-0.005
-0.007
-0.005
-0.005
-0.007
-0.007
-0.008
-0.008
-0.006
-0.008
-0.007
-0.009
-0.010
-0.009
-0.009
-0.008
-0.008
-0.010
-0.009
-0.008
-0.009
-0.009
-0.011
-0.008
-0.010
-0.009
-0.009
-0.010
-0.010
-0.009
-0.009
-0.009
-0.009
-0.009
-0.009
-0.009
-0.008
-0.009
-0.009
-0.009
-0.007
-0.006
-0.007
-0.007
-0.008
-0.006
-0.006
-0.006
-0.007
-0.006
-0.007
-0.004
-0.005
-0.005
-0.005
-0.005
-0.007
-0.005
-0.007
-0.006
-0.004
-0.004
-0.004
-0.004
-0.005
-0.002
-0.005
-0.002
-0.004
-0.005
-0.004
-0.005
-0.003
-0.003
-0.005
-0.003
-0.003
-0.004
-0.005
-0.006
-0.006
-0.005
-0.007
-0.005
-0.006
-0.006
-0.007
-0.005
-0.006
-0.005
-0.006
-0.006
-0.009
-0.006
-0.007
-0.006
-0.008
-0.008
-0.011
-0.006
-0.007
-0.008
-0.011
-0.008
-0.008
-0.008
-0.009
-0.008
-0.010
-0.008
-0.008
-0.010
-0.009
-0.007
-0.008
-0.008
-0.010
-0.009
-0.008
-0.009
-0.009
-0.008
-0.007
-0.006
-0.007
-0.009
-0.008
-0.009
-0.005
-0.007
-0.008
-0.007
-0.009
-0.008
-0.007
-0.005
-0.009
-0.005
-0.007
-0.004
-0.007
-0.004
-0.006
-0.005
-0.004
-0.003
-0.004
-0.006
-0.004
-0.005
-0.003
-0.004
-0.003
-0.003
-0.003
-0.004
-0.003
-0.004
-0.002
-0.005
-0.004
-0.005
-0.005
-0.005
-0.004
-0.006
-0.005
-0.004
-0.005
-0.005
-0.006
-0.005
-0.008
-0.007
-0.005
-0.007
-0.007
-0.006
-0.006
-0.008
-0.008
-0.007
-0.008
-0.007
-0.007
-0.009
-0.009
-0.008
-0.008
-0.009
-0.008
-0.009
-0.008
-0.011
-0.010
-0.010
-0.010
-0.010
-0.009
-0.010
-0.008
-0.010
-0.008
-0.009
-0.009
-0.007
-0.006
-0.009
-0.009
-0.011
-0.008
-0.009
-0.009
-0.008
-0.008
-0.007
-0.007
-0.006
-0.006
-0.007
-0.005
-0.005
-0.007
-0.005
-0.007
-0.004
-0.006
-0.003
-0.003
-0.002
0.000
-0.001
0.000
0.000
0.001
0.001
0.003
-0.002
0.004
0.000
0.001
0.000
0.001
0.002
-0.001
-0.002
0.000
-0.002
0.000
-0.005
-0.004
-0.005
-0.004
-0.006
-0.003
-0.005
-0.002
-0.006
-0.002
-0.006
-0.001
-0.006
-0.001
-0.003
-0.002
-0.003
-0.005
-0.002
-0.003
-0.003
-0.002
-0.003
0.000
0.000
0.000
0.002
0.001
0.003
0.002
0.003
0.004
0.002
0.007
0.005
0.008
0.008
0.011
0.011
0.012
0.014
0.013
0.014
0.017
0.015
0.017
0.016
0.019
0.019
0.019
0.021
0.021
0.021
0.022
0.024
0.023
0.023
0.022
0.025
0.022
0.024
0.024
0.024
0.026
0.026
0.024
0.024
0.024
0.026
0.026
0.027
0.026
0.028
0.030
0.027
0.027
0.029
0.028
0.034
0.030
0.034
0.031
0.033
0.033
0.034
0.031
0.034
0.033
0.037
0.036
0.037
0.032
0.035
0.032
0.033
0.028
0.029
0.025
0.025
0.023
0.024
0.024
0.025
0.022
0.026
0.029
0.031
0.032
0.030
0.033
0.035
0.036
0.040
0.039
0.044
0.044
0.046
0.048
0.049
0.049
0.052
0.052
0.057
0.055
0.057
0.056
0.057
0.056
0.056
0.055
0.061
0.061
0.063
0.062
0.063
0.061
0.063
0.065
0.065
0.067
0.068
0.069
0.070
0.069
0.069
0.068
0.069
0.071
0.073
0.073
0.071
0.072
0.071
0.071
0.072
0.073
0.074
0.072
0.073
0.072
0.070
0.071
0.069
0.069
0.070
0.069
0.067
0.068
0.065
0.066
0.065
0.067
0.064
0.066
0.064
0.066
0.063
0.064
0.063
0.062
0.064
0.064
0.065
0.066
0.066
0.067
0.064
0.065
0.062
0.064
0.064
0.065
0.065
0.065
0.064
0.065
0.062
0.063
0.062
0.064
0.064
0.064
0.064
0.064
0.065
0.064
0.066
0.068
0.069
0.072
0.073
0.073
0.075
0.076
0.077
0.078
0.078
0.081
0.084
0.087
0.085
0.085
0.086
0.089
0.090
0.091
0.091
0.094
0.095
0.096
0.097
0.096
0.098
0.097
0.100
0.102
0.106
0.108
0.107
0.108
0.108
0.109
0.107
0.107
0.110
0.111
0.109
0.108
0.108
0.107
0.107
0.106
0.107
0.108
0.106
0.107
0.106
0.105
0.105
0.104
0.106
0.104
0.105
0.107
0.106
0.105
0.108
0.107
0.109
0.107
0.107
0.105
0.110
0.109
0.108
0.106
0.110
0.115
0.118
0.118
0.116
0.117
0.119
0.116
0.121
0.120
0.123
0.122
0.124
0.125
0.123
0.120
0.120
0.119
0.124
0.125
0.124
0.123
0.124
0.127
0.128
0.127
0.129
0.132
0.136
0.137
0.137
0.140
0.144
0.144
0.143
0.139
0.142
0.141
0.145
0.142
0.139
0.137
0.135
0.137
0.139
0.140
0.143
0.143
0.141
0.142
0.143
0.144
0.143
0.146
0.145
0.147
0.150
0.151
0.150
0.148
0.146
0.142
0.141
0.143
0.142
0.144
0.144
0.140
0.138
0.140
0.138
0.140
0.141
0.143
0.143
0.146
0.144
0.143
0.142
0.141
0.143
0.142
0.141
0.144
0.143
0.143
0.141
0.140
0.141
0.140
0.139
0.143
0.142
0.145
0.146
0.146
0.143
0.150
0.150
0.157
0.159
0.159
0.164
0.162
0.166
0.166
0.162
0.169
0.169
0.174
0.173
0.173
0.182
0.180
0.184
0.181
0.178
0.186
0.184
0.194
0.191
0.191
0.195
0.190
0.196
0.197
0.203
0.205
0.206
0.208
0.210
0.209
0.207
0.202
0.206
0.205
0.206
0.208
0.204
0.208
0.203
0.202
0.192
0.195
0.193
0.191
0.192
0.191
0.194
0.187
0.180
0.179
0.178
0.180
0.175
0.173
0.174
0.175
0.175
0.168
0.166
0.165
0.169
0.172
0.171
0.172
0.173
0.171
0.175
0.171
0.175
0.178
0.185
0.190
0.193
0.193
0.189
0.185
0.188
0.186
0.188
0.185
0.186
0.194
0.195
0.191
0.188
0.187
0.190
0.188
0.190
0.193
0.194
0.194
0.189
0.185
0.184
0.179
0.177
0.176
0.176
0.172
0.167
0.164
0.156
0.155
0.156
0.150
0.157
0.157
0.161
0.161
0.160
0.163
0.164
0.167
0.168
0.168
0.178
0.178
0.187
0.189
0.194
0.192
0.189
0.194
0.199
0.201
0.212
0.209
0.214
0.218
0.222
0.226
0.228
0.228
0.229
0.227
0.225
0.229
0.233
0.229
0.227
0.221
0.217
0.216
0.214
0.205
0.199
0.195
0.190
0.180
0.181
0.177
0.178
0.176
0.173
0.173
0.172
0.173
0.171
0.169
0.176
0.176
0.179
0.175
0.173
0.163
0.167
0.168
0.167
0.171
0.171
0.174
0.179
0.173
0.173
0.175
0.175
0.177
0.174
0.175
0.177
0.179
0.181
0.174
0.166
0.164
0.158
0.161
0.159
0.151
0.156
0.151
0.146
0.148
0.143
0.145
0.142
0.143
0.146
0.151
0.162
0.164
0.148
0.152
0.148
0.151
0.153
0.145
0.145
0.143
0.147
0.141
0.130
0.135
0.126
0.127
0.127
0.126
0.123
0.115
0.109
0.104
0.101
0.103
0.094
0.091
0.085
0.091
0.093
0.088
0.089
0.092
0.100
0.106
0.107
0.119
0.125
0.135
0.126
0.121
0.130
0.141
0.143
0.140
0.145
0.152
0.155
0.151
0.151
0.155
0.162
0.165
0.166
0.168
0.169
0.162
0.159
0.154
0.152
0.153
0.154
0.153
0.150
0.146
0.147
0.148
0.157
0.161
0.161
0.171
0.170
0.171
0.165
0.166
0.163
0.160
0.163
0.162
0.162
0.161
0.160
0.152
0.154
0.147
0.145
0.143
0.142
0.136
0.125
0.119
0.115
0.108
0.096
0.087
0.083
0.078
0.067
0.071
0.079
0.079
0.087
0.083
0.078
0.078
0.078
0.077
0.077
0.082
0.083
0.075
0.077
0.076
0.070
0.068
0.072
0.066
0.063
0.056
0.052
0.040
0.034
0.024
0.018
0.014
0.024
0.015
0.004
0.000
0.009
0.019
0.030
0.036
0.034
0.031
0.033
0.037
0.036
0.039
0.046
0.052
0.057
0.063
0.072
0.078
0.083
0.082
0.077
0.081
0.083
0.083
0.079
0.075
0.071
0.067
0.063
0.063
0.059
0.057
0.051
0.055
0.070
0.073
0.072
0.074
0.072
0.065
0.068
0.074
0.067
0.060
0.060
0.064
0.058
0.055
0.056
0.053
0.052
0.052
0.042
0.041
0.038
0.033
0.032
0.022
0.029
0.025
0.017
0.015
0.016
0.018
0.021
0.024
0.021
0.020
0.018
0.019
0.019
0.018
0.012
0.007
0.010
0.008
-0.001
0.009
0.011
-0.002
-0.009
-0.012
-0.022
-0.031
-0.034
-0.038
-0.043
-0.045
-0.049
-0.052
-0.047
-0.047
-0.042
-0.026
-0.027
-0.027
-0.022
-0.019
-0.020
-0.014
-0.006
-0.010
-0.003
0.005
0.004
0.005
0.015
0.013
0.010
0.015
0.012
0.001
0.001
0.008
0.003
-0.013
-0.014
-0.012
-0.017
-0.014
-0.013
-0.010
-0.013
-0.011
-0.005
-0.010
-0.023
-0.019
-0.017
-0.021
-0.030
-0.018
-0.014
-0.024
-0.026
-0.020
-0.031
-0.040
-0.042
-0.048
-0.061
-0.069
-0.073
-0.081
-0.092
-0.094
-0.098
-0.090
-0.092
-0.098
-0.098
-0.094
-0.097
-0.103
-0.101
-0.090
-0.093
-0.097
-0.097
-0.084
-0.080
-0.085
-0.087
-0.073
-0.075
-0.081
-0.082
-0.075
-0.079
-0.085
-0.085
-0.088
-0.095
-0.089
-0.087
-0.086
-0.077
-0.068
-0.069
-0.077
-0.071
-0.053
-0.061
-0.065
-0.062
-0.047
-0.059
-0.064
-0.051
-0.035
-0.051
-0.056
-0.055
-0.054
-0.062
-0.071
-0.071
-0.080
-0.089
-0.095
-0.102
-0.108
-0.113
-0.113
-0.110
-0.116
-0.124
-0.127
-0.123
-0.125
-0.134
-0.133
-0.134
-0.135
-0.144
-0.137
-0.129
-0.132
-0.144
-0.139
-0.131
-0.140
-0.153
-0.146
-0.134
-0.141
-0.153
-0.152
-0.147
-0.150
-0.152
-0.146
-0.139
-0.133
-0.136
-0.133
-0.129
-0.114
-0.110
-0.116
-0.112
-0.105
-0.095
-0.098
-0.095
-0.084
-0.083
-0.092
-0.097
-0.092
-0.093
-0.101
-0.101
-0.097
-0.105
-0.121
-0.135
-0.134
-0.132
-0.140
-0.153
-0.159
-0.153
-0.154
-0.164
-0.168
-0.156
-0.152
-0.164
-0.171
-0.157
-0.154
-0.157
-0.153
-0.141
-0.148
-0.158
-0.159
-0.162
-0.163
-0.166
-0.163
-0.167
-0.180
-0.183
-0.185
-0.184
-0.184
-0.186
-0.187
-0.188
-0.186
-0.183
-0.186
-0.178
-0.169
-0.168
-0.166
-0.164
-0.163
-0.164
-0.155
-0.138
-0.134
-0.142
-0.142
-0.136
-0.143
-0.149
-0.145
-0.130
-0.132
-0.150
-0.159
-0.155
-0.153
-0.156
-0.168
-0.171
-0.166
-0.165
-0.175
-0.185
-0.175
-0.163
-0.163
-0.173
-0.175
-0.171
-0.176
-0.180
-0.172
-0.162
-0.170
-0.186
-0.187
-0.192
-0.198
-0.202
-0.199
-0.200
-0.206
-0.214
-0.216
-0.220
-0.221
-0.217
-0.217
-0.220
-0.227
-0.231
-0.222
-0.218
-0.218
-0.214
-0.198
-0.190
-0.202
-0.209
-0.194
-0.179
-0.171
-0.167
-0.163
-0.164
-0.165
-0.169
-0.171
-0.167
-0.162
-0.161
-0.164
-0.173
-0.181
-0.176
-0.170
-0.166
-0.173
-0.182
-0.188
-0.185
-0.181
-0.186
-0.186
-0.179
-0.167
-0.172
-0.186
-0.186
-0.171
-0.170
-0.174
-0.171
-0.161
-0.168
-0.189
-0.198
-0.194
-0.190
-0.199
-0.200
-0.202
-0.203
-0.207
-0.212
-0.207
-0.206
-0.199
-0.209
-0.222
-0.232
-0.230
-0.217
-0.208
-0.213
-0.211
-0.208
-0.202
-0.199
-0.205
-0.195
-0.189
-0.173
-0.171
-0.171
-0.162
-0.157
-0.165
-0.156
-0.165
-0.168
-0.173
-0.178
-0.177
-0.185
-0.188
-0.184
-0.192
-0.197
-0.203
-0.211
-0.219
-0.232
-0.236
-0.232
-0.233
-0.218
-0.224
-0.230
-0.228
-0.220
-0.207
-0.208
-0.212
-0.205
-0.198
-0.189
-0.186
-0.184
-0.173
-0.178
-0.182
-0.179
-0.187
-0.188
-0.189
-0.184
-0.181
-0.181
-0.187
-0.189
-0.189
-0.183
-0.189
-0.200
-0.206
-0.213
-0.208
-0.211
-0.211
-0.208
-0.207
-0.205
-0.199
-0.195
-0.192
-0.186
-0.184
-0.180
-0.177
-0.176
-0.176
-0.178
-0.170
-0.163
-0.163
-0.168
-0.171
-0.173
-0.179
-0.180
-0.177
-0.177
-0.181
-0.182
-0.178
-0.172
-0.171
-0.176
-0.188
-0.192
-0.190
-0.195
-0.197
-0.200
-0.200
-0.195
-0.180
-0.172
-0.183
-0.186
-0.180
-0.166
-0.148
-0.150
-0.158
-0.163
-0.155
-0.147
-0.140
-0.148
-0.147
-0.142
-0.136
-0.137
-0.141
-0.144
-0.154
-0.157
-0.158
-0.167
-0.168
-0.166
-0.162
-0.164
-0.169
-0.176
-0.177
-0.178
-0.177
-0.186
-0.197
-0.200
-0.199
-0.198
-0.194
-0.191
-0.182
-0.179
-0.178
-0.170
-0.165
-0.159
-0.153
-0.147
-0.143
-0.135
-0.132
-0.134
-0.131
-0.134
-0.139
-0.135
-0.130
-0.118
-0.119
-0.127
-0.131
-0.133
-0.132
-0.140
-0.148
-0.153
-0.158
-0.156
-0.157
-0.156
-0.156
-0.165
-0.163
-0.165
-0.167
-0.171
-0.176
-0.180
-0.184
-0.184
-0.188
-0.187
-0.176
-0.170
-0.177
-0.167
-0.160
-0.154
-0.147
-0.143
-0.146
-0.146
-0.127
-0.119
-0.121
-0.115
-0.118
-0.126
-0.126
-0.121
-0.119
-0.118
-0.117
-0.120
-0.116
-0.112
-0.110
-0.109
-0.112
-0.119
-0.124
-0.115
-0.116
-0.121
-0.122
-0.124
-0.127
-0.130
-0.126
-0.123
-0.121
-0.115
-0.118
-0.122
-0.123
-0.122
-0.117
-0.123
-0.130
-0.134
-0.129
-0.128
-0.126
-0.126
-0.123
-0.121
-0.121
-0.115
-0.111
-0.100
-0.093
-0.092
-0.090
-0.089
-0.089
-0.084
-0.085
-0.085
-0.082
-0.077
-0.066
-0.066
-0.071
-0.074
-0.074
-0.080
-0.079
-0.078
-0.075
-0.073
-0.075
-0.076
-0.079
-0.077
-0.073
-0.079
-0.082
-0.087
-0.090
-0.090
-0.096
-0.099
-0.103
-0.106
-0.107
-0.109
-0.114
-0.114
-0.113
-0.112
-0.111
-0.105
-0.099
-0.096
-0.095
-0.096
-0.100
-0.100
-0.096
-0.086
-0.083
-0.092
-0.093
-0.094
-0.098
-0.095
-0.095
-0.090
-0.093
-0.088
-0.080
-0.081
-0.078
-0.078
-0.073
-0.075
-0.071
-0.062
-0.068
-0.063
-0.059
-0.067
-0.066
-0.065
-0.073
-0.072
-0.078
-0.079
-0.081
-0.084
-0.076
-0.076
-0.080
-0.076
-0.073
-0.088
-0.084
-0.075
-0.083
-0.090
-0.090
-0.090
-0.090
-0.083
-0.076
-0.076
-0.074
-0.069
-0.066
-0.062
-0.060
-0.065
-0.060
-0.055
-0.050
-0.036
-0.033
-0.037
-0.039
-0.038
-0.042
-0.042
-0.035
-0.032
-0.040
-0.038
-0.035
-0.047
-0.048
-0.042
-0.046
-0.055
-0.052
-0.045
-0.048
-0.049
-0.049
-0.044
-0.050
-0.046
-0.042
-0.041
-0.044
-0.041
-0.036
-0.036
-0.041
-0.034
-0.029
-0.030
-0.033
-0.032
-0.031
-0.029
-0.025
-0.026
-0.027
-0.021
-0.021
-0.023
-0.031
-0.028
-0.032
-0.039
-0.042
-0.033
-0.029
-0.031
-0.037
-0.039
-0.042
-0.043
-0.039
-0.039
-0.042
-0.042
-0.042
-0.048
-0.052
-0.048
-0.046
-0.049
-0.048
-0.047
-0.042
-0.043
-0.045
-0.045
-0.048
-0.046
-0.042
-0.041
-0.041
-0.042
-0.042
-0.040
-0.042
-0.038
-0.038
-0.044
-0.043
-0.047
-0.047
-0.051
-0.051
-0.044
-0.048
-0.051
-0.047
-0.048
-0.049
-0.054
-0.053
-0.054
-0.054
-0.051
-0.050
-0.052
-0.051
-0.052
-0.052
-0.045
-0.042
-0.038
-0.036
-0.042
-0.041
-0.042
-0.038
-0.033
-0.031
-0.029
-0.028
-0.025
-0.025
-0.024
-0.021
-0.021
-0.018
-0.013
-0.014
-0.018
-0.020
-0.020
-0.018
-0.016
-0.016
-0.012
-0.014
-0.012
-0.015
-0.018
-0.016
-0.010
-0.006
-0.004
-0.008
-0.009
-0.013
-0.014
-0.012
-0.011
-0.006
-0.004
-0.006
-0.006
-0.013
-0.010
-0.012
-0.012
-0.010
-0.010
-0.013
-0.012
-0.014
-0.017
-0.018
-0.016
-0.012
-0.015
-0.018
-0.018
-0.022
-0.023
-0.024
-0.023
-0.022
-0.022
-0.021
-0.020
-0.025
-0.024
-0.029
-0.031
-0.028
-0.025
-0.027
-0.027
-0.025
-0.029
-0.031
-0.033
-0.030
-0.028
-0.029
-0.029
-0.029
-0.031
-0.033
-0.034
-0.035
-0.033
-0.033
-0.035
-0.034
-0.034
-0.037
-0.038
-0.033
-0.033
-0.031
-0.031
-0.030
-0.031
-0.029
-0.027
-0.026
-0.024
-0.020
-0.021
-0.020
-0.017
-0.019
-0.019
-0.017
-0.013
-0.011
-0.013
-0.013
-0.013
-0.014
-0.013
-0.011
-0.011
-0.012
-0.012
-0.013
-0.010
-0.010
-0.011
-0.012
-0.010
-0.011
-0.013
-0.008
-0.011
-0.010
-0.007
-0.010
-0.009
-0.007
-0.007
-0.005
-0.005
-0.004
-0.005
-0.004
-0.006
-0.004
-0.006
-0.006
-0.004
-0.007
-0.007
-0.007
-0.009
-0.009
-0.008
-0.008
-0.014
-0.012
-0.009
-0.011
-0.012
-0.014
-0.009
-0.010
-0.013
-0.014
-0.012
-0.012
-0.012
-0.013
-0.014
-0.013
-0.010
-0.011
-0.011
-0.012
-0.012
-0.014
-0.012
-0.013
-0.014
-0.014
-0.013
-0.014
-0.014
-0.016
-0.013
-0.015
-0.015
-0.016
-0.013
-0.014
-0.015
-0.016
-0.016
-0.017
-0.018
-0.017
-0.019
-0.017
-0.014
-0.020
-0.019
-0.017
-0.017
-0.020
-0.020
-0.016
-0.015
-0.019
-0.019
-0.017
-0.019
-0.019
-0.014
-0.010
-0.010
-0.008
-0.006
-0.005
-0.005
-0.003
-0.001
-0.002
-0.001
-0.001
-0.002
-0.003
-0.005
-0.004
-0.004
-0.004
-0.003
-0.005
-0.006
-0.006
-0.006
-0.005
-0.008
-0.007
-0.007
-0.008
-0.007
-0.006
-0.009
-0.011
-0.009
-0.008
-0.008
-0.007
-0.007
-0.006
-0.007
-0.007
-0.006
-0.004
-0.003
-0.001
-0.002
-0.003
-0.002
-0.003
-0.003
-0.004
-0.003
-0.004
-0.004
-0.004
-0.006
-0.007
-0.006
-0.008
-0.010
-0.011
-0.012
-0.012
-0.013
-0.014
-0.013
-0.013
-0.013
-0.012
-0.012
-0.015
-0.013
-0.014
-0.013
-0.017
-0.015
-0.014
-0.014
-0.013
-0.014
-0.013
-0.015
-0.014
-0.014
-0.012
-0.012
-0.011
-0.011
-0.012
-0.011
-0.011
-0.014
-0.010
-0.011
-0.013
-0.009
-0.011
-0.011
-0.010
-0.012
-0.011
-0.011
-0.011
-0.010
-0.010
-0.010
-0.008
-0.009
-0.007
-0.006
-0.006
-0.006
-0.008
-0.005
-0.005
-0.006
-0.007
-0.006
-0.005
-0.004
-0.003
-0.003
-0.006
-0.006
-0.002
-0.002
-0.004
-0.005
-0.004
-0.005
-0.006
-0.009
-0.010
-0.009
-0.010
-0.020
-0.020
-0.008
-0.006
-0.019
-0.013
-0.009
-0.007
-0.010
-0.009
-0.001
-0.010
-0.010
-0.004
-0.012
-0.007
-0.008
-0.011
-0.012
-0.010
-0.010
-0.012
-0.007
-0.010
-0.008
-0.009
-0.008
-0.005
-0.010
-0.010
-0.010
-0.010
-0.006
-0.013
-0.011
-0.011
-0.012
-0.009
-0.011
-0.011
-0.014
-0.009
-0.009
-0.013
-0.011
-0.011
-0.009
-0.011
-0.010
-0.009
-0.012
-0.010
-0.012
-0.014
-0.011
-0.011
-0.012
-0.012
-0.012
-0.011
-0.013
-0.015
-0.014
-0.012
-0.014
-0.014
-0.015
-0.015
-0.014
-0.014
-0.014
-0.012
-0.012
-0.015
-0.013
-0.014
-0.015
-0.014
-0.014
-0.014
-0.015
-0.014
-0.013
-0.012
-0.016
-0.020
-0.015
-0.013
-0.016
-0.013
-0.016
-0.013
-0.015
-0.018
-0.015
-0.018
-0.018
-0.016
-0.016
-0.017
-0.014
-0.020
-0.020
-0.019
-0.019
-0.015
-0.016
-0.016
-0.012
-0.016
-0.015
-0.016
-0.014
-0.016
-0.016
-0.013
-0.012
-0.011
-0.013
-0.016
-0.014
-0.012
-0.012
-0.015
-0.016
-0.012
-0.013
-0.020
-0.024
-0.024
-0.027
-0.028
-0.022
-0.020
-0.020
-0.026
-0.025
-0.027
-0.026
-0.022
-0.021
-0.021
-0.018
-0.020
-0.022
-0.024
-0.024
-0.023
-0.021
-0.017
-0.016
-0.018
-0.021
-0.023
-0.021
-0.021
-0.020
-0.021
-0.021
-0.018
-0.022
-0.023
-0.027
-0.027
-0.024
-0.024
-0.024
-0.023
-0.026
-0.025
-0.027
-0.028
-0.025
-0.026
-0.023
-0.020
-0.022
-0.023
-0.024
-0.024
-0.023
-0.022
-0.021
-0.020
-0.019
-0.020
-0.025
-0.025
-0.025
-0.024
-0.026
-0.025
-0.024
-0.026
-0.029
-0.030
-0.026
-0.028
-0.030
-0.026
-0.026
-0.027
-0.028
-0.028
-0.029
-0.030
-0.028
-0.028
-0.033
-0.034
-0.031
-0.028
-0.028
-0.028
-0.028
-0.031
-0.031
-0.032
-0.031
-0.031
-0.030
-0.028
-0.030
-0.035
-0.039
-0.041
-0.039
-0.037
-0.033
-0.028
-0.030
-0.034
-0.040
-0.041
-0.039
-0.034
-0.033
-0.026
-0.024
-0.030
-0.035
-0.034
-0.030
-0.025
-0.022
-0.024
-0.025
-0.028
-0.032
-0.032
-0.033
-0.029
-0.026
-0.027
-0.027
-0.030
-0.033
-0.035
-0.041
-0.039
-0.039
-0.037
-0.037
-0.039
-0.041
-0.037
-0.035
-0.035
-0.035
-0.038
-0.041
-0.043
-0.040
-0.036
-0.040
-0.039
-0.034
-0.033
-0.035
-0.037
-0.040
-0.042
-0.038
-0.036
-0.042
-0.047
-0.046
-0.046
-0.048
-0.053
-0.055
-0.048
-0.044
-0.044
-0.049
-0.054
-0.057
-0.060
-0.065
-0.071
-0.067
-0.060
-0.058
-0.062
-0.062
-0.059
-0.059
-0.063
-0.058
-0.055
-0.048
-0.045
-0.049
-0.051
-0.049
-0.053
-0.057
-0.057
-0.053
-0.058
-0.064
-0.066
-0.065
-0.066
-0.062
-0.061
-0.063
-0.063
-0.055
-0.056
-0.057
-0.056
-0.049
-0.045
-0.053
-0.060
-0.056
-0.058
-0.059
-0.057
-0.056
-0.056
-0.053
-0.052
-0.056
-0.063
-0.054
-0.055
-0.062
-0.065
-0.062
-0.062
-0.057
-0.054
-0.057
-0.059
-0.055
-0.061
-0.066
-0.063
-0.065
-0.068
-0.068
-0.067
-0.066
-0.059
-0.057
-0.058
-0.059
-0.059
-0.055
-0.060
-0.066
-0.064
-0.070
-0.063
-0.058
-0.064
-0.069
-0.068
-0.076
-0.081
-0.073
-0.076
-0.080
-0.083
-0.087
-0.083
-0.088
-0.084
-0.084
-0.091
-0.092
-0.103
-0.106
-0.109
-0.112
-0.102
-0.099
-0.101
-0.100
-0.103
-0.106
-0.102
-0.107
-0.106
-0.103
-0.100
-0.098
-0.106
-0.106
-0.110
-0.112
-0.105
-0.097
-0.086
-0.091
-0.094
-0.100
-0.108
-0.113
-0.111
-0.103
-0.104
-0.106
-0.105
-0.112
-0.108
-0.108
-0.114
-0.114
-0.114
-0.117
-0.118
-0.120
-0.119
-0.119
-0.115
-0.112
-0.103
-0.105
-0.109
-0.106
-0.110
-0.112
-0.110
-0.108
-0.109
-0.110
-0.101
-0.104
-0.108
-0.118
-0.126
-0.127
-0.127
-0.129
-0.135
-0.139
-0.141
-0.142
-0.142
-0.142
-0.136
-0.134
-0.134
-0.139
-0.142
-0.141
-0.132
-0.125
-0.119
-0.120
-0.118
-0.118
-0.123
-0.125
-0.119
-0.108
-0.106
-0.113
-0.119
-0.118
-0.110
-0.100
-0.099
-0.107
-0.117
-0.120
-0.114
-0.109
-0.100
-0.095
-0.095
-0.103
-0.107
-0.106
-0.105
-0.100
-0.105
-0.109
-0.118
-0.120
-0.124
-0.130
-0.140
-0.149
-0.162
-0.170
-0.174
-0.175
-0.179
-0.180
-0.188
-0.201
-0.207
-0.201
-0.197
-0.190
-0.192
-0.194
-0.192
-0.189
-0.195
-0.194
-0.189
-0.180
-0.180
-0.178
-0.175
-0.170
-0.167
-0.160
-0.163
-0.162
-0.156
-0.151
-0.146
-0.135
-0.132
-0.136
-0.136
-0.135
-0.137
-0.137
-0.132
-0.128
-0.142
-0.157
-0.166
-0.169
-0.175
-0.173
-0.185
-0.197
-0.205
-0.207
-0.215
-0.218
-0.215
-0.212
-0.222
-0.225
-0.222
-0.228
-0.231
-0.224
-0.222
-0.229
-0.230
-0.223
-0.213
-0.202
-0.200
-0.204
-0.198
-0.180
-0.168
-0.158
-0.151
-0.144
-0.131
-0.124
-0.123
-0.124
-0.125
-0.124
-0.121
-0.123
-0.130
-0.139
-0.143
-0.141
-0.146
-0.154
-0.155
-0.152
-0.144
-0.138
-0.153
-0.165
-0.158
-0.154
-0.168
-0.174
-0.172
-0.175
-0.183
-0.184
-0.188
-0.191
-0.189
-0.194
-0.195
-0.193
-0.184
-0.182
-0.180
-0.182
-0.180
-0.180
-0.170
-0.169
-0.182
-0.188
-0.180
-0.180
-0.192
-0.207
-0.216
-0.212
-0.200
-0.203
-0.208
-0.205
-0.206
-0.210
-0.208
-0.217
-0.211
-0.204
-0.204
-0.210
-0.211
-0.202
-0.198
-0.199
-0.197
-0.182
-0.170
-0.167
-0.177
-0.171
-0.152
-0.148
-0.160
-0.173
-0.171
-0.170
-0.167
-0.186
-0.200
-0.204
-0.213
-0.219
-0.225
-0.220
-0.219
-0.230
-0.247
-0.249
-0.249
-0.256
-0.265
-0.260
-0.261
-0.269
-0.269
-0.261
-0.262
-0.258
-0.249
-0.235
-0.226
-0.225
-0.223
-0.208
-0.196
-0.195
-0.193
-0.187
-0.186
-0.184
-0.190
-0.196
-0.194
-0.192
-0.185
-0.178
-0.177
-0.178
-0.184
-0.182
-0.180
-0.182
-0.177
-0.169
-0.175
-0.181
-0.171
-0.158
-0.157
-0.155
-0.142
-0.133
-0.138
-0.139
-0.132
-0.119
-0.120
-0.131
-0.135
-0.121
-0.123
-0.141
-0.162
-0.162
-0.153
-0.154
-0.157
-0.164
-0.171
-0.186
-0.194
-0.190
-0.192
-0.205
-0.202
-0.206
-0.216
-0.225
-0.227
-0.215
-0.206
-0.203
-0.199
-0.198
-0.193
-0.193
-0.194
-0.183
-0.167
-0.164
-0.181
-0.190
-0.192
-0.202
-0.204
-0.192
-0.174
-0.175
-0.189
-0.195
-0.195
-0.194
-0.197
-0.195
-0.185
-0.190
-0.196
-0.194
-0.195
-0.204
-0.197
-0.172
-0.156
-0.166
-0.181
-0.172
-0.159
-0.156
-0.155
-0.139
-0.136
-0.156
-0.178
-0.174
-0.155
-0.150
-0.156
-0.155
-0.146
-0.155
-0.168
-0.165
-0.155
-0.157
-0.162
-0.166
-0.159
-0.160
-0.176
-0.176
-0.163
-0.150
-0.155
-0.163
-0.159
-0.160
-0.163
-0.162
-0.151
-0.161
-0.177
-0.185
-0.189
-0.187
-0.189
-0.183
-0.185
-0.194
-0.198
-0.201
-0.198
-0.201
-0.200
-0.187
-0.192
-0.197
-0.195
-0.193
-0.188
-0.175
-0.146
-0.134
-0.138
-0.131
-0.118
-0.106
-0.105
-0.096
-0.093
-0.093
-0.104
-0.112
-0.107
-0.100
-0.101
-0.104
-0.105
-0.103
-0.106
-0.105
-0.111
-0.111
-0.103
-0.104
-0.103
-0.104
-0.110
-0.104
-0.093
-0.088
-0.096
-0.091
-0.076
-0.080
-0.095
-0.092
-0.077
-0.081
-0.094
-0.105
-0.101
-0.099
-0.107
-0.107
-0.104
-0.102
-0.112
-0.115
-0.112
-0.111
-0.114
-0.122
-0.118
-0.114
-0.119
-0.124
-0.117
-0.102
-0.104
-0.113
-0.100
-0.084
-0.090
-0.100
-0.098
-0.093
-0.097
-0.113
-0.116
-0.107
-0.106
-0.109
-0.115
-0.111
-0.110
-0.112
-0.102
-0.108
-0.110
-0.105
-0.107
-0.105
-0.115
-0.117
-0.107
-0.101
-0.098
-0.100
-0.084
-0.070
-0.073
-0.076
-0.065
-0.057
-0.069
-0.072
-0.067
-0.069
-0.079
-0.077
-0.066
-0.070
-0.079
-0.076
-0.069
-0.074
-0.079
-0.067
-0.067
-0.076
-0.070
-0.068
-0.062
-0.059
-0.055
-0.051
-0.052
-0.041
-0.035
-0.037
-0.032
-0.028
-0.026
-0.029
-0.036
-0.041
-0.039
-0.040
-0.049
-0.049
-0.043
-0.040
-0.052
-0.053
-0.047
-0.044
-0.050
-0.058
-0.051
-0.048
-0.057
-0.053
-0.036
-0.028
-0.036
-0.034
-0.013
-0.013
-0.022
-0.020
-0.010
-0.018
-0.026
-0.030
-0.022
-0.028
-0.037
-0.028
-0.025
-0.028
-0.029
-0.022
-0.018
-0.028
-0.020
-0.011
-0.016
-0.016
-0.011
-0.007
0.004
0.015
0.025
0.030
0.041
0.046
0.042
0.049
0.058
0.062
0.052
0.058
0.057
0.054
0.042
0.047
0.047
0.044
0.042
0.041
0.038
0.033
0.022
0.021
0.022
0.018
0.012
0.010
0.011
0.008
0.009
0.016
0.013
0.014
0.018
0.016
0.014
0.019
0.023
0.013
0.013
0.014
0.015
0.012
0.014
0.015
0.022
0.029
0.029
0.021
0.027
0.029
0.028
0.037
0.035
0.035
0.038
0.037
0.043
0.047
0.055
0.061
0.063
0.072
0.074
0.066
0.072
0.080
0.083
0.078
0.081
0.076
0.074
0.071
0.074
0.072
0.077
0.077
0.073
0.062
0.061
0.058
0.057
0.061
0.058
0.050
0.050
0.049
0.049
0.043
0.054
0.058
0.060
0.065
0.066
0.064
0.072
0.077
0.075
0.072
0.081
0.082
0.072
0.064
0.066
0.064
0.065
0.064
0.061
0.057
0.060
0.059
0.055
0.058
0.068
0.073
0.067
0.071
0.082
0.092
0.093
0.098
0.104
0.112
0.114
0.118
0.116
0.124
0.126
0.134
0.138
0.142
0.147
0.146
0.142
0.139
0.138
0.140
0.145
0.147
0.147
0.143
0.137
0.138
0.139
0.135
0.133
0.137
0.139
0.136
0.133
0.139
0.139
0.145
0.146
0.139
0.139
0.144
0.141
0.140
0.140
0.142
0.143
0.145
0.147
0.145
0.133
0.133
0.128
0.129
0.133
0.135
0.129
0.131
0.123
0.112
0.112
0.118
0.117
0.111
0.118
0.115
0.114
0.116
0.121
0.116
0.120
0.127
0.128
0.134
0.139
0.140
0.145
0.158
0.164
0.161
0.172
0.178
0.179
0.184
0.186
0.184
0.184
0.187
0.188
0.187
0.189
0.183
0.181
0.181
0.182
0.173
0.174
0.172
0.163
0.166
0.167
0.157
0.154
0.154
0.156
0.153
0.149
0.143
0.138
0.145
0.142
0.133
0.136
0.136
0.137
0.138
0.142
0.146
0.144
0.148
0.148
0.148
0.151
0.146
0.147
0.144
0.145
0.146
0.140
0.141
0.139
0.139
0.139
0.137
0.143
0.144
0.150
0.158
0.157
0.161
0.163
0.161
0.173
0.174
0.177
0.175
0.179
0.189
0.186
0.190
0.193
0.191
0.202
0.206
0.204
0.208
0.210
0.220
0.219
0.223
0.223
0.215
0.215
0.214
0.208
0.208
0.207
0.197
0.192
0.190
0.188
0.184
0.180
0.180
0.175
0.179
0.180
0.177
0.177
0.177
0.176
0.173
0.172
0.173
0.173
0.175
0.171
0.166
0.165
0.164
0.165
0.169
0.171
0.173
0.172
0.177
0.182
0.188
0.192
0.199
0.203
0.210
0.210
0.214
0.216
0.220
0.220
0.218
0.214
0.216
0.219
0.217
0.216
0.216
0.212
0.208
0.204
0.206
0.210
0.211
0.208
0.207
0.207
0.208
0.200
0.203
0.205
0.202
0.200
0.195
0.192
0.191
0.190
0.188
0.183
0.179
0.175
0.173
0.169
0.169
0.172
0.174
0.174
0.169
0.167
0.167
0.162
0.167
0.167
0.167
0.168
0.168
0.170
0.173
0.169
0.169
0.167
0.172
0.174
0.173
0.171
0.169
0.171
0.170
0.166
0.167
0.164
0.167
0.167
0.166
0.166
0.167
0.168
0.170
0.168
0.169
0.173
0.172
0.174
0.175
0.177
0.178
0.177
0.178
0.176
0.179
0.175
0.178
0.176
0.174
0.174
0.174
0.177
0.179
0.177
0.178
0.177
0.177
0.173
0.172
0.174
0.178
0.178
0.182
0.179
0.181
0.177
0.175
0.175
0.174
0.174
0.174
0.178
0.184
0.181
0.178
0.173
0.176
0.177
0.175
0.176
0.172
0.175
0.173
0.168
0.164
0.159
0.165
0.161
0.153
0.150
0.143
0.141
0.142
0.134
0.138
0.130
0.128
0.129
0.122
0.123
0.121
0.117
0.115
0.115
0.116
0.117
0.118
0.117
0.115
0.115
0.112
0.112
0.115
0.115
0.115
0.116
0.116
0.114
0.114
0.114
0.115
0.117
0.114
0.116
0.115
0.120
0.121
0.118
0.117
0.121
0.121
0.120
0.121
0.124
0.126
0.126
0.129
0.129
0.130
0.130
0.130
0.132
0.133
0.131
0.131
0.132
0.133
0.133
0.135
0.132
0.131
0.132
0.134
0.135
0.134
0.137
0.137
0.135
0.135
0.132
0.132
0.132
0.133
0.132
0.131
0.129
0.128
0.126
0.126
0.125
0.124
0.123
0.122
0.124
0.124
0.118
0.115
0.113
0.114
0.112
0.111
0.111
0.114
0.114
0.108
0.107
0.106
0.108
0.107
0.101
0.101
0.100
0.099
0.099
0.095
0.093
0.094
0.094
0.094
0.091
0.092
0.089
0.086
0.085
0.082
0.083
0.079
0.076
0.078
0.078
0.076
0.075
0.074
0.073
0.074
0.073
0.073
0.073
0.074
0.074
0.072
0.071
0.073
0.075
0.075
0.074
0.076
0.077
0.076
0.075
0.076
0.076
0.077
0.079
0.076
0.077
0.073
0.074
0.073
0.073
0.073
0.073
0.072
0.072
0.072
0.074
0.071
0.070
0.068
0.071
0.070
0.072
0.069
0.072
0.071
0.071
0.069
0.069
0.068
0.067
0.068
0.070
0.068
0.067
0.068
0.066
0.068
0.066
0.063
0.063
0.063
0.064
0.065
0.065
0.066
0.063
0.065
0.063
0.062
0.063
0.063
0.063
0.066
0.064
0.065
0.064
0.064
0.064
0.063
0.062
0.066
0.063
0.065
0.062
0.064
0.061
0.062
0.060
0.060
0.058
0.061
0.059
0.059
0.057
0.056
0.053
0.053
0.051
0.051
0.048
0.048
0.044
0.042
0.042
0.039
0.038
0.036
0.038
0.037
0.034
0.034
0.033
0.034
0.031
0.030
0.030
0.029
0.030
0.029
0.028
0.027
0.026
0.028
0.029
0.027
0.030
0.028
0.026
0.026
0.027
0.028
0.030
0.031
0.032
0.032
0.032
0.032
0.031
0.033
0.035
0.033
0.034
0.033
0.035
0.033
0.034
0.034
0.034
0.035
0.035
0.033
0.036
0.033
0.035
0.036
0.035
0.037
0.034
0.034
0.036
0.033
0.035
0.035
0.032
0.033
0.031
0.031
0.030
0.031
0.031
0.030
0.028
0.028
0.026
0.026
0.023
0.024
0.022
0.024
0.021
0.021
0.020
0.019
0.016
0.016
0.015
0.014
0.013
0.014
0.010
0.009
0.008
0.009
0.008
0.007
0.006
0.008
0.006
0.005
0.006
0.003
0.005
0.004
0.002
0.003
0.001
0.003
0.001
0.002
0.002
0.002
0.000
0.001
0.001
0.000
0.000
0.000
-0.001
-0.001
-0.001
0.000
0.000
-0.004
-0.001
-0.003
-0.001
-0.002
-0.001
-0.005
-0.003
-0.001
0.002
-0.001
0.000
-0.001
0.000
-0.002
-0.001
-0.002
-0.005
-0.008
-0.007
-0.010
-0.009
-0.013
-0.014
-0.015
-0.019
-0.020
-0.017
-0.021
-0.018
-0.021
-0.019
-0.020
-0.021
-0.020
-0.022
-0.018
-0.020
-0.018
-0.019
-0.016
-0.015
-0.013
-0.012
-0.010
-0.010
-0.011
-0.008
-0.009
-0.006
-0.004
-0.004
-0.003
-0.002
-0.001
-0.001
0.000
0.000
0.003
0.004
0.006
0.006
0.006
0.005
0.005
0.002
0.008
0.007
0.007
0.009
0.006
0.008
0.006
0.003
0.007
0.005
0.006
0.006
0.003
0.005
0.006
0.004
0.005
0.002
0.004
0.005
0.002
0.005
0.002
0.003
0.002
0.002
0.000
0.002
0.000
0.000
-0.003
-0.001
0.000
-0.005
-0.005
-0.003
-0.004
-0.002
-0.006
-0.006
-0.004
-0.007
-0.006
-0.006
-0.009
-0.007
-0.013
-0.010
-0.011
-0.013
-0.010
-0.014
-0.013
-0.013
-0.018
-0.015
-0.016
-0.018
-0.015
-0.017
-0.016
-0.020
-0.020
-0.019
-0.021
-0.019
-0.019
-0.019
-0.018
-0.020
-0.018
-0.020
-0.019
Z加速度資料
Z Acc Data:4106
0.988
0.984
0.987
0.993
0.992
0.997
0.997
1.001
1.002
1.000
1.002
1.004
1.003
1.009
1.007
1.007
1.017
1.013
1.017
1.014
1.012
1.015
1.016
1.020
1.018
1.019
1.021
1.017
1.023
1.024
1.023
1.021
1.021
1.022
1.021
1.022
1.014
1.019
1.023
1.016
1.019
1.016
1.011
1.015
1.010
1.011
1.008
1.002
1.007
1.004
0.999
1.003
1.000
0.991
0.998
0.994
0.992
0.993
0.986
0.988
0.986
0.983
0.988
0.977
0.983
0.981
0.975
0.985
0.973
0.975
0.980
0.970
0.979
0.978
0.977
0.985
0.979
0.983
0.978
0.979
0.982
0.980
0.981
0.987
0.984
0.988
0.989
0.984
0.993
0.992
0.991
0.998
1.000
0.995
1.005
1.001
1.001
1.007
1.008
1.001
1.008
1.013
1.010
1.015
1.015
1.011
1.013
1.020
1.018
1.018
1.022
1.018
1.021
1.021
1.025
1.024
1.019
1.025
1.020
1.020
1.029
1.019
1.017
1.021
1.015
1.017
1.016
1.015
1.011
1.007
1.011
1.010
1.007
1.007
0.996
1.006
1.005
0.996
0.996
0.996
0.992
0.992
0.995
0.985
0.990
0.982
0.989
0.987
0.978
0.986
0.985
0.971
0.983
0.980
0.975
0.984
0.974
0.978
0.979
0.979
0.981
0.979
0.977
0.977
0.980
0.983
0.981
0.981
0.980
0.987
0.989
0.987
0.990
0.989
0.993
0.992
0.994
0.997
0.995
1.000
1.003
1.001
1.008
1.008
1.009
1.006
1.006
1.013
1.012
1.013
1.017
1.013
1.013
1.020
1.021
1.018
1.017
1.023
1.015
1.026
1.024
1.015
1.022
1.023
1.018
1.027
1.019
1.015
1.020
1.017
1.014
1.012
1.011
1.005
1.014
1.011
1.002
1.011
1.007
0.999
1.005
1.000
0.997
0.995
0.989
0.995
0.989
0.986
0.998
0.985
0.991
0.991
0.982
0.986
0.990
0.975
0.978
0.978
0.981
0.989
0.979
0.976
0.980
0.984
0.979
0.980
0.984
0.979
0.983
0.981
0.974
0.987
0.983
0.979
0.983
0.983
0.993
0.987
0.987
0.996
0.988
0.995
0.998
0.995
1.000
1.004
1.001
1.009
1.003
1.001
1.007
1.009
1.014
1.015
1.014
1.013
1.016
1.016
1.018
1.018
1.021
1.020
1.013
1.025
1.027
1.020
1.022
1.021
1.017
1.023
1.015
1.019
1.011
1.012
1.018
1.015
1.015
1.007
1.012
1.014
1.007
1.015
1.008
1.001
1.009
0.997
0.998
0.999
0.994
0.995
0.993
0.993
0.998
0.994
0.991
0.989
0.982
0.988
0.987
0.978
0.983
0.989
0.982
0.985
0.982
0.975
0.977
0.977
0.975
0.981
0.983
0.980
0.979
0.980
0.978
0.979
0.982
0.982
0.992
0.986
0.984
0.981
0.987
0.990
0.989
0.991
0.998
1.001
1.005
0.995
0.996
1.000
1.000
1.011
1.013
1.006
1.004
1.007
1.016
1.011
1.012
1.016
1.016
1.024
1.024
1.018
1.021
1.017
1.022
1.021
1.021
1.027
1.025
1.025
1.021
1.013
1.016
1.008
1.015
1.016
1.011
1.018
1.014
1.012
1.012
1.011
1.010
1.004
1.013
1.011
0.999
1.006
1.000
0.993
0.998
0.994
0.995
0.993
0.991
0.993
0.984
0.986
0.990
0.982
0.985
0.984
0.976
0.991
0.987
0.977
0.983
0.974
0.973
0.984
0.978
0.977
0.977
0.976
0.983
0.979
0.976
0.980
0.983
0.986
0.985
0.986
0.985
0.986
0.985
0.986
0.990
1.000
0.995
1.001
1.000
0.995
1.004
1.000
1.000
1.001
1.008
1.015
1.012
1.013
1.017
1.015
1.017
1.022
1.018
1.016
1.021
1.022
1.022
1.021
1.017
1.021
1.020
1.016
1.020
1.025
1.027
1.020
1.020
1.018
1.013
1.014
1.015
1.016
1.023
1.021
1.012
1.008
1.009
1.005
1.002
1.007
1.009
1.009
1.005
0.997
0.983
0.988
0.991
0.994
0.998
0.990
0.993
0.993
0.989
0.986
0.980
0.980
0.981
0.980
0.982
0.982
0.978
0.977
0.974
0.973
0.976
0.983
0.985
0.981
0.973
0.973
0.981
0.983
0.979
0.981
0.985
0.986
0.991
0.992
0.989
0.993
0.997
0.997
0.993
0.994
0.998
1.001
1.004
0.999
0.998
1.008
1.020
1.012
1.011
1.011
1.019
1.019
1.011
1.001
1.001
1.025
1.033
1.031
1.028
1.021
1.029
1.019
1.008
1.019
1.019
1.024
1.027
1.017
1.020
1.013
1.008
1.010
1.017
1.025
1.020
1.019
1.020
1.010
1.010
1.005
1.001
1.008
1.008
1.004
0.999
0.996
1.006
0.999
0.990
0.981
0.980
0.987
0.990
0.991
0.991
0.980
0.971
0.973
0.976
0.987
0.990
0.986
0.987
0.980
0.970
0.970
0.975
0.976
0.979
0.978
0.978
0.980
0.983
0.983
0.978
0.978
0.977
0.980
0.996
0.995
0.996
1.005
0.996
0.991
0.994
0.990
1.000
1.020
1.011
1.001
1.010
1.003
1.000
1.006
1.002
1.006
1.020
1.021
1.020
1.020
1.020
1.017
1.018
1.021
1.018
1.028
1.024
1.030
1.025
1.016
1.015
1.010
1.026
1.027
1.017
1.027
1.011
1.024
1.027
1.003
1.013
1.019
1.025
1.018
1.000
1.007
1.005
1.020
1.010
0.994
0.995
0.995
0.997
0.995
1.000
0.992
0.989
0.981
0.975
0.970
0.986
0.980
0.986
0.991
0.987
0.993
0.980
0.982
0.974
0.971
0.965
0.971
0.983
0.981
0.972
0.974
0.969
0.970
0.979
0.966
0.988
1.006
1.005
0.993
0.981
0.984
0.980
0.995
0.989
0.987
1.007
1.012
1.009
0.990
0.974
0.980
1.001
1.006
1.014
1.017
1.025
1.024
1.024
1.019
1.000
1.010
1.023
1.029
1.051
1.034
1.013
1.015
1.014
1.020
1.007
1.010
1.036
1.037
1.048
1.029
1.002
1.016
1.017
1.014
1.023
1.030
1.036
1.023
1.007
0.993
0.980
0.998
0.998
1.000
1.011
0.996
1.005
1.000
0.988
0.990
0.982
0.985
0.994
1.001
0.987
0.980
0.985
0.979
0.980
0.973
0.967
0.973
0.981
0.980
0.975
0.990
0.987
0.969
0.974
0.976
0.969
0.990
0.991
0.977
0.988
0.986
0.983
0.984
0.985
1.000
0.984
0.974
0.987
0.990
1.004
1.010
0.990
0.988
0.999
1.005
1.005
1.006
1.011
1.001
1.011
1.016
1.010
1.018
1.021
1.020
1.015
1.019
1.026
1.012
1.017
1.014
1.024
1.038
1.035
1.031
1.017
1.003
1.015
1.004
1.002
1.029
1.031
1.028
1.034
1.015
1.002
1.001
1.004
1.000
0.989
1.009
1.003
1.006
1.016
0.986
0.971
0.981
0.994
0.998
0.993
0.993
0.998
0.997
0.997
0.973
0.976
0.991
0.964
0.976
0.984
0.998
1.019
0.989
0.977
0.962
0.963
0.977
0.966
0.981
0.992
0.997
1.002
0.991
0.983
0.981
0.968
0.969
0.988
0.989
0.986
0.991
0.985
0.982
0.980
0.978
0.980
0.988
1.016
1.014
1.001
1.008
1.008
1.020
1.011
1.000
1.008
1.043
1.057
1.026
1.012
1.003
1.015
1.019
1.015
1.026
1.038
1.052
1.043
1.030
1.016
1.021
1.025
1.021
1.036
1.028
1.035
1.029
1.008
0.997
0.993
0.998
1.018
1.025
1.011
1.000
1.000
1.010
0.991
0.998
1.007
1.014
1.026
1.024
1.004
0.991
0.985
0.982
0.992
0.990
1.000
1.008
1.004
1.000
0.972
0.962
0.965
0.975
0.988
0.977
0.974
0.994
0.970
0.948
0.949
0.951
0.970
0.987
0.967
0.961
0.961
0.954
0.957
0.951
0.962
0.964
0.973
0.984
0.965
0.952
0.970
0.981
1.001
1.005
0.992
1.003
1.001
0.993
0.993
0.994
1.015
1.017
1.007
1.009
1.012
1.021
1.025
1.020
1.025
1.029
1.024
1.010
1.009
1.037
1.040
1.041
1.050
1.033
1.020
1.025
1.023
1.032
1.046
1.049
1.044
1.040
1.027
1.021
1.033
1.038
1.030
1.033
1.042
1.042
1.042
1.041
1.038
1.036
1.031
1.024
1.018
1.008
1.005
1.011
1.023
1.015
1.007
1.004
0.987
0.971
0.969
0.967
0.970
0.981
0.972
0.964
0.960
0.953
0.959
0.944
0.937
0.944
0.949
0.948
0.943
0.932
0.944
0.953
0.954
0.945
0.927
0.935
0.943
0.948
0.957
0.962
0.975
0.975
0.948
0.965
0.981
0.975
0.985
0.993
0.981
0.978
0.988
0.986
1.001
1.013
0.998
0.994
1.015
1.015
1.001
1.030
1.044
1.040
1.040
1.025
1.015
1.037
1.061
1.049
1.057
1.074
1.059
1.052
1.062
1.051
1.062
1.088
1.083
1.053
1.058
1.063
1.065
1.081
1.077
1.060
1.063
1.062
1.045
1.044
1.045
1.033
1.036
1.034
1.007
1.002
1.011
1.004
0.992
0.994
0.983
0.977
0.970
0.964
0.956
0.951
0.951
0.945
0.938
0.936
0.944
0.946
0.936
0.918
0.921
0.933
0.935
0.930
0.933
0.938
0.926
0.908
0.912
0.928
0.940
0.953
0.944
0.934
0.948
0.946
0.938
0.965
0.973
0.957
0.952
0.960
0.960
0.970
0.983
0.995
1.011
1.000
0.978
0.987
1.018
1.038
1.043
1.030
1.028
1.027
1.016
1.032
1.066
1.105
1.092
1.065
1.047
1.068
1.086
1.089
1.091
1.099
1.090
1.060
1.047
1.060
1.090
1.107
1.105
1.076
1.056
1.043
1.041
1.052
1.056
1.055
1.045
1.018
0.991
0.989
1.003
1.024
1.015
0.998
0.978
0.966
0.956
0.963
0.982
0.974
0.958
0.941
0.939
0.942
0.931
0.945
0.976
0.957
0.917
0.913
0.927
0.950
0.951
0.928
0.924
0.941
0.926
0.909
0.929
0.962
0.973
0.944
0.918
0.934
0.958
0.960
0.959
0.973
0.971
0.951
0.943
0.958
0.978
0.994
1.003
1.005
0.995
0.982
0.976
1.016
1.055
1.038
1.009
1.000
1.019
1.037
1.040
1.043
1.086
1.091
1.052
1.038
1.043
1.067
1.092
1.086
1.061
1.046
1.035
1.042
1.053
1.076
1.082
1.072
1.059
1.019
0.999
1.024
1.057
1.061
1.026
0.990
0.988
0.993
0.997
1.008
1.031
1.039
0.995
0.966
0.972
0.981
0.994
1.009
1.018
0.996
0.956
0.938
0.959
0.989
1.004
0.995
0.993
0.980
0.930
0.907
0.954
1.004
1.023
0.984
0.946
0.957
0.962
0.947
0.957
0.992
1.007
0.973
0.924
0.919
0.965
0.988
0.984
0.984
0.981
0.959
0.929
0.932
0.971
1.013
1.024
0.996
0.964
0.954
0.966
0.986
1.020
1.036
1.024
1.004
0.975
0.966
0.996
1.036
1.049
1.027
1.009
1.007
1.001
1.001
1.022
1.057
1.067
1.041
0.990
0.959
0.985
1.022
1.036
1.053
1.046
1.021
0.996
0.972
0.977
1.018
1.052
1.052
1.030
0.981
0.961
0.985
1.035
1.066
1.044
1.032
1.025
1.006
0.983
0.993
1.042
1.079
1.067
1.011
0.982
1.016
1.019
1.016
1.032
1.054
1.067
1.016
0.975
0.973
0.995
1.020
1.007
1.020
1.020
1.003
0.970
0.942
0.972
1.001
1.022
1.004
0.936
0.931
0.946
0.965
1.001
0.961
0.968
0.990
0.957
0.956
0.942
0.966
0.999
0.964
0.965
0.959
0.946
0.995
0.964
0.959
0.968
0.937
0.975
0.970
0.966
0.993
0.954
0.961
0.967
0.934
0.980
0.972
0.991
0.990
0.939
0.977
0.992
0.989
0.993
0.962
0.997
1.036
0.997
0.995
0.995
1.009
1.050
1.026
1.025
1.034
1.031
1.036
1.026
1.027
1.063
1.077
1.092
1.088
1.063
1.054
1.049
1.054
1.072
1.085
1.085
1.066
1.039
1.029
1.032
1.059
1.087
1.071
1.063
1.028
0.993
1.008
1.011
1.028
1.049
1.044
1.010
0.971
0.967
0.978
1.015
1.037
1.004
0.972
0.964
0.953
0.965
0.977
0.970
0.978
0.960
0.936
0.946
0.964
0.951
0.937
0.924
0.922
0.952
0.959
0.933
0.910
0.916
0.956
0.978
0.940
0.899
0.904
0.938
0.976
0.937
0.906
0.913
0.946
0.999
0.984
0.950
0.964
0.973
0.973
0.970
0.960
0.991
1.024
1.026
0.990
0.967
0.998
1.035
1.064
1.067
1.050
1.027
1.021
1.027
1.046
1.073
1.074
1.053
1.042
1.036
1.057
1.084
1.074
1.066
1.064
1.058
1.059
1.055
1.051
1.047
1.069
1.082
1.060
1.065
1.050
1.031
1.036
1.024
1.040
1.055
1.038
1.019
1.012
1.022
1.024
1.021
1.014
0.998
1.000
0.990
0.986
0.977
0.959
0.964
0.960
0.955
0.956
0.959
0.957
0.955
0.940
0.927
0.933
0.973
0.969
0.923
0.908
0.922
0.942
0.980
0.970
0.934
0.949
0.953
0.945
0.960
0.968
0.961
0.958
0.956
0.949
0.980
1.012
0.994
0.959
0.948
0.971
1.010
1.018
1.006
0.971
0.968
0.997
0.997
1.006
1.026
1.020
1.012
0.991
0.970
1.001
1.051
1.064
1.032
0.997
0.992
1.015
1.039
1.055
1.044
1.049
1.053
1.038
1.036
1.052
1.080
1.080
1.058
1.036
1.032
1.060
1.066
1.039
1.032
1.036
1.038
1.038
1.017
1.021
1.029
1.028
1.014
1.000
1.003
1.015
1.008
0.988
0.972
0.973
0.993
0.992
0.987
0.981
0.979
0.986
0.985
0.978
0.973
0.980
0.995
0.996
0.982
0.974
0.988
0.986
0.977
0.977
0.980
0.990
0.993
0.982
0.968
0.979
0.989
0.990
0.989
0.975
0.964
0.956
0.951
0.958
0.989
0.971
0.954
0.950
0.940
0.964
0.966
0.958
0.967
0.972
0.986
0.978
0.966
0.985
0.984
0.983
0.997
0.979
0.988
1.008
1.011
1.010
1.006
1.013
1.029
1.032
1.033
1.029
1.019
1.022
1.027
1.045
1.041
1.021
1.020
1.004
1.007
1.030
1.024
1.028
1.028
1.013
1.028
1.034
1.014
1.018
1.011
1.005
1.014
1.021
1.018
1.002
1.008
1.022
1.021
1.043
1.045
1.017
1.038
1.042
1.020
1.031
1.042
1.042
1.030
1.025
1.016
1.015
1.032
1.037
1.021
1.016
1.018
1.002
1.011
1.009
0.990
1.000
0.994
0.978
0.983
0.975
0.975
0.956
0.955
0.957
0.940
0.960
0.961
0.939
0.945
0.949
0.950
0.952
0.959
0.966
0.959
0.947
0.949
0.950
0.968
0.975
0.965
0.964
0.969
0.977
0.985
0.978
0.978
0.993
0.996
0.981
0.979
0.987
0.987
0.984
0.979
0.978
0.988
1.008
0.990
0.975
0.988
0.987
1.012
1.013
0.996
1.002
1.001
1.006
1.013
1.010
1.023
1.012
1.021
1.039
1.022
1.041
1.043
1.036
1.057
1.052
1.058
1.061
1.052
1.059
1.054
1.052
1.056
1.052
1.052
1.048
1.035
1.037
1.044
1.046
1.052
1.040
1.024
1.025
1.022
1.016
1.008
1.015
1.004
0.991
0.992
0.983
0.992
1.001
0.993
0.988
0.977
0.980
0.991
0.977
0.972
0.973
0.968
0.979
0.971
0.968
0.984
0.975
0.977
0.974
0.961
0.980
0.974
0.966
0.962
0.948
0.965
0.971
0.962
0.975
0.960
0.959
0.959
0.952
0.960
0.955
0.967
0.960
0.949
0.963
0.968
0.964
0.969
0.965
0.978
0.990
0.977
0.985
0.982
0.982
1.001
0.990
1.004
1.007
1.000
1.023
1.020
1.017
1.035
1.027
1.028
1.029
1.029
1.027
1.029
1.033
1.035
1.040
1.039
1.038
1.038
1.036
1.028
1.033
1.031
1.028
1.036
1.032
1.025
1.024
1.025
1.028
1.030
1.026
1.025
1.025
1.020
1.016
1.025
1.026
1.019
1.026
1.022
1.007
1.018
1.021
1.008
1.018
1.014
1.008
1.014
1.006
1.001
1.005
0.992
0.991
0.996
0.988
0.986
0.991
0.976
0.975
0.978
0.968
0.970
0.976
0.964
0.966
0.969
0.955
0.964
0.965
0.955
0.961
0.960
0.957
0.961
0.962
0.966
0.972
0.973
0.974
0.970
0.977
0.980
0.971
0.975
0.985
0.983
0.985
0.987
0.985
0.991
0.990
0.988
0.994
0.994
0.995
0.996
1.000
0.998
0.994
0.996
1.007
1.004
1.000
1.008
1.010
1.008
1.012
1.013
1.008
1.019
1.025
1.017
1.021
1.021
1.024
1.034
1.032
1.032
1.037
1.034
1.028
1.035
1.031
1.034
1.043
1.036
1.033
1.034
1.035
1.038
1.029
1.032
1.025
1.023
1.026
1.017
1.014
1.015
1.011
1.010
1.008
1.006
1.000
1.001
0.997
0.993
0.997
0.993
0.990
0.991
0.981
0.985
0.985
0.981
0.984
0.979
0.981
0.983
0.980
0.979
0.976
0.973
0.981
0.977
0.975
0.981
0.974
0.969
0.972
0.976
0.970
0.973
0.969
0.967
0.974
0.969
0.966
0.970
0.971
0.969
0.974
0.969
0.973
0.975
0.974
0.980
0.977
0.984
0.996
0.988
0.993
0.995
0.991
1.003
1.004
0.998
1.012
1.009
1.011
1.016
1.014
1.022
1.024
1.021
1.021
1.022
1.026
1.026
1.026
1.030
1.033
1.032
1.032
1.029
1.025
1.027
1.026
1.023
1.027
1.026
1.027
1.021
1.025
1.023
1.018
1.024
1.016
1.021
1.019
1.015
1.019
1.018
1.016
1.014
1.010
1.010
1.011
1.009
1.007
1.006
1.006
1.010
1.004
0.995
0.999
0.998
0.993
0.996
0.985
0.990
0.993
0.977
0.980
0.981
0.969
0.978
0.975
0.967
0.974
0.971
0.964
0.968
0.966
0.965
0.973
0.966
0.963
0.970
0.969
0.971
0.975
0.977
0.978
0.977
0.977
0.979
0.978
0.983
0.984
0.984
0.987
0.991
0.991
0.991
0.996
0.989
0.993
1.005
1.005
0.997
0.994
0.997
1.006
1.008
1.007
1.012
0.997
1.011
1.016
0.998
1.026
1.024
1.006
1.019
1.019
1.020
1.027
1.027
1.021
1.017
1.031
1.032
1.020
1.032
1.038
1.027
1.023
1.033
1.025
1.028
1.042
1.028
1.024
1.033
1.026
1.022
1.026
1.020
1.018
1.015
1.014
1.007
1.009
1.019
1.003
0.996
1.003
0.993
0.993
0.993
0.990
0.991
0.990
0.981
0.985
0.989
0.984
0.984
0.987
0.977
0.974
0.981
0.974
0.973
0.980
0.972
0.975
0.980
0.967
0.979
0.980
0.975
0.977
0.968
0.972
0.973
0.969
0.977
0.974
0.973
0.975
0.974
0.976
0.976
0.981
0.984
0.982
0.979
0.985
0.982
0.985
0.992
0.997
0.991
0.993
1.006
1.001
1.004
1.005
1.004
1.016
1.009
1.011
1.016
1.018
1.024
1.023
1.015
1.029
1.032
1.026
1.028
1.028
1.026
1.036
1.033
1.023
1.033
1.030
1.026
1.028
1.022
1.029
1.032
1.017
1.022
1.023
1.014
1.019
1.016
1.012
1.016
1.009
1.016
1.017
1.010
1.011
1.010
1.004
1.006
1.002
0.999
1.008
1.001
0.991
1.000
0.999
0.991
0.994
0.987
0.982
0.993
0.980
0.983
0.980
0.978
0.986
0.974
0.971
0.975
0.973
0.972
0.970
0.967
0.974
0.968
0.967
0.974
0.976
0.971
0.972
0.976
0.974
0.974
0.980
0.979
0.976
0.983
0.979
0.983
0.992
0.988
0.991
0.991
0.999
0.994
0.992
0.998
0.997
0.999
1.005
0.998
1.003
1.009
1.004
1.012
1.013
1.009
1.020
1.018
1.011
1.014
1.017
1.020
1.020
1.017
1.020
1.024
1.025
1.021
1.021
1.016
1.022
1.029
1.021
1.024
1.023
1.022
1.030
1.021
1.014
1.024
1.025
1.029
1.020
1.015
1.025
1.019
1.014
1.013
1.013
1.016
1.012
1.007
1.004
1.008
1.003
0.999
1.002
0.990
0.994
0.998
0.983
0.986
0.986
0.990
0.993
0.980
0.975
0.982
0.983
0.986
0.979
0.972
0.977
0.976
0.978
0.977
0.970
0.972
0.977
0.978
0.981
0.979
0.981
0.981
0.971
0.971
0.983
0.987
0.975
0.974
0.972
0.974
0.989
0.986
0.980
0.995
1.001
0.996
0.990
0.975
0.987
1.003
1.002
0.993
0.987
0.996
1.004
1.008
1.011
1.003
1.006
1.014
1.010
1.000
1.010
1.021
1.013
1.011
1.019
1.019
1.027
1.031
1.016
1.024
1.038
1.032
1.026
1.020
1.027
1.030
1.022
1.028
1.028
1.029
1.034
1.018
1.017
1.021
1.021
1.015
1.001
1.003
1.012
1.022
1.012
1.002
1.008
1.010
1.004
0.997
0.994
1.005
1.000
0.995
0.994
0.987
1.000
1.001
0.985
0.987
0.991
0.988
0.984
0.989
0.974
0.976
0.992
0.976
0.962
0.982
0.983
0.978
0.982
0.979
0.979
0.981
0.980
0.967
0.966
0.978
0.972
0.970
0.984
0.972
0.977
1.004
0.979
0.962
0.975
0.977
0.980
0.985
0.997
0.982
0.978
0.991
0.994
1.016
1.006
0.992
0.986
0.987
1.009
0.999
1.003
1.016
1.003
1.012
1.012
1.013
1.024
1.037
1.030
1.006
1.005
1.015
1.026
1.026
1.025
1.013
1.013
1.029
1.017
1.028
1.038
1.021
1.002
1.007
1.019
1.030
1.045
1.021
1.004
1.011
1.018
1.035
1.033
1.024
1.018
0.995
0.992
1.011
1.022
1.026
1.011
0.992
0.996
1.004
1.005
1.016
0.996
0.987
0.990
0.972
0.983
1.001
1.004
0.999
0.985
0.984
0.994
0.996
0.973
0.968
0.987
0.985
0.983
0.965
0.963
0.984
0.996
0.984
0.963
0.956
0.967
0.978
0.969
0.968
0.968
0.971
0.985
0.968
0.959
1.000
1.016
1.001
0.971
0.945
0.969
1.011
1.014
0.999
0.989
0.999
1.005
1.000
0.990
1.006
1.040
1.041
1.001
0.971
0.983
1.010
1.041
1.042
1.032
1.015
1.013
1.003
1.011
1.032
1.050
1.058
1.019
0.986
0.988
1.023
1.056
1.051
1.028
1.012
1.013
1.002
1.003
1.024
1.042
1.022
0.989
0.965
0.974
1.027
1.052
1.036
1.003
0.973
0.964
0.993
1.018
1.024
1.007
0.995
0.991
0.972
0.977
1.014
1.029
1.033
0.999
0.949
0.956
0.978
0.995
1.018
1.007
0.979
0.955
0.939
0.968
0.999
1.012
1.015
0.982
0.936
0.925
0.958
1.001
1.024
0.994
0.951
0.933
0.957
0.995
1.014
1.007
0.990
0.977
0.951
0.948
0.989
1.027
1.034
1.009
0.980
0.969
0.978
1.005
1.040
1.042
1.006
0.976
0.975
1.025
1.065
1.049
1.025
1.000
1.010
1.041
1.039
1.030
1.024
1.020
1.023
1.013
1.007
1.001
1.020
1.046
1.020
0.992
0.985
0.997
1.024
1.026
1.005
0.979
0.995
1.024
1.024
1.005
1.016
1.011
1.019
1.017
0.994
1.013
1.026
1.008
0.991
0.999
1.020
1.031
1.005
0.989
0.986
0.992
1.010
0.998
0.978
0.974
0.988
1.001
0.986
0.945
0.941
0.983
1.020
0.997
0.943
0.930
0.954
0.982
0.970
0.957
0.948
0.980
0.977
0.941
0.935
0.972
1.014
1.026
0.996
0.950
0.974
1.010
1.001
0.984
1.012
1.050
1.031
0.989
0.962
1.007
1.065
1.053
0.991
0.970
1.010
1.034
1.019
0.994
0.993
1.016
1.002
0.975
0.994
1.018
1.012
0.999
0.968
0.952
0.981
1.001
1.010
1.021
1.016
1.000
1.000
0.999
1.001
1.033
1.058
1.047
1.031
1.006
1.008
1.037
1.046
1.059
1.053
1.059
1.059
1.028
1.019
1.011
1.016
1.039
1.053
1.044
1.014
0.998
0.986
0.979
0.989
1.006
1.017
1.017
0.999
0.974
0.967
0.951
0.953
0.976
1.007
1.006
0.975
0.941
0.957
0.965
0.951
0.949
0.984
1.044
1.036
0.974
0.940
0.949
0.974
1.013
1.026
1.025
1.011
0.978
0.941
0.918
0.946
0.996
1.039
1.043
0.994
0.943
0.925
0.931
0.937
0.958
1.005
1.010
0.975
0.923
0.888
0.909
0.953
0.995
1.028
1.029
1.002
0.955
0.939
0.972
1.006
1.045
1.076
1.055
1.013
0.990
1.000
1.034
1.062
1.076
1.097
1.092
1.051
1.017
1.039
1.062
1.076
1.069
1.063
1.076
1.048
1.012
1.024
1.048
1.052
1.024
1.004
1.019
1.009
0.993
1.004
1.026
1.028
0.994
0.970
0.989
1.028
1.030
1.018
1.011
0.995
0.966
0.962
0.993
1.024
1.041
1.011
0.978
0.960
0.953
0.978
1.010
1.034
1.026
0.975
0.929
0.911
0.923
0.963
0.992
1.002
0.972
0.920
0.885
0.887
0.928
0.963
0.991
0.978
0.930
0.888
0.871
0.912
0.969
1.005
1.001
0.970
0.942
0.930
0.944
0.995
1.057
1.068
1.031
0.996
0.965
0.976
1.017
1.062
1.101
1.092
1.052
1.020
1.006
1.023
1.057
1.108
1.132
1.080
1.013
0.992
1.022
1.044
1.054
1.059
1.065
1.055
1.006
0.969
1.007
1.064
1.059
1.031
1.008
1.009
1.005
0.991
1.009
1.036
1.032
1.020
1.016
1.015
1.012
1.007
1.021
1.031
1.010
0.979
0.988
1.003
1.002
0.983
0.968
0.985
0.987
0.957
0.954
0.970
0.974
0.963
0.929
0.920
0.924
0.931
0.938
0.939
0.941
0.937
0.932
0.939
0.936
0.937
0.954
0.962
0.947
0.931
0.949
0.983
0.985
0.982
0.990
0.996
1.012
1.013
1.013
1.032
1.047
1.040
1.031
1.021
1.012
1.026
1.044
1.053
1.055
1.046
1.038
1.035
1.038
1.037
1.033
1.052
1.049
1.031
1.022
1.019
1.031
1.029
1.012
1.022
1.043
1.031
1.007
0.998
1.027
1.039
1.012
1.005
1.016
1.032
1.029
1.008
1.026
1.035
1.021
1.011
1.008
1.021
1.015
1.007
1.015
0.992
0.978
0.980
0.987
0.982
0.970
0.961
0.971
0.968
0.951
0.941
0.945
0.960
0.952
0.943
0.951
0.934
0.934
0.950
0.948
0.964
0.970
0.958
0.967
0.970
0.970
0.976
0.995
0.997
0.988
0.988
1.001
1.019
1.006
1.016
1.038
1.046
1.031
1.013
1.021
1.037
1.021
1.026
1.027
1.022
1.017
0.998
1.011
1.029
1.024
1.020
1.013
1.006
0.995
0.998
1.007
1.010
1.023
1.012
0.986
0.998
1.016
1.006
1.011
1.015
1.020
1.019
1.009
1.000
1.006
1.021
1.037
1.029
1.024
1.025
1.012
1.023
1.019
1.011
1.031
1.013
0.994
0.995
0.982
0.989
0.988
0.994
0.993
0.981
0.974
0.970
0.968
0.970
0.987
0.982
0.969
0.968
0.966
0.961
0.978
0.979
0.987
0.990
0.981
0.980
0.976
0.999
1.014
1.011
1.016
1.000
1.003
1.010
1.002
1.020
1.032
1.026
1.021
1.006
1.008
1.005
1.019
1.020
1.011
1.010
0.995
0.980
0.981
0.981
0.999
1.001
0.997
0.993
0.972
0.970
0.975
0.979
0.992
0.995
0.991
0.993
0.982
0.977
0.982
0.994
1.008
1.019
1.007
1.005
1.005
1.013
1.016
1.018
1.020
1.025
1.022
1.015
1.010
1.019
1.024
1.013
1.027
1.021
1.011
1.006
1.000
1.001
1.010
1.010
0.999
0.991
0.993
0.996
0.980
0.986
0.993
1.000
1.010
1.002
0.986
0.992
1.002
1.007
1.002
1.001
1.003
0.995
1.011
1.011
0.999
1.016
1.022
1.024
1.016
1.018
1.019
1.010
1.002
1.003
0.998
1.009
1.009
0.993
0.996
0.993
0.993
0.974
0.979
0.971
0.962
0.979
0.975
0.974
0.967
0.956
0.950
0.964
0.984
0.975
0.972
0.986
0.988
0.978
0.977
0.971
0.972
0.997
1.010
1.008
1.010
1.003
0.993
1.002
1.016
1.012
1.022
1.027
1.021
1.023
1.021
1.024
1.012
1.018
1.036
1.021
1.027
1.015
0.999
1.025
1.029
1.013
1.007
1.001
1.016
1.015
1.015
1.011
1.003
1.023
1.011
1.011
1.026
1.002
1.028
1.029
1.016
1.032
1.018
1.001
0.999
1.001
1.021
1.012
1.032
1.031
0.990
1.015
1.008
0.997
1.010
1.000
1.015
1.006
0.998
0.983
0.954
0.980
0.977
0.957
0.971
0.954
0.959
0.972
0.964
0.950
0.942
0.974
0.976
0.960
0.962
0.959
0.965
0.983
0.977
0.982
0.977
0.973
0.976
0.957
0.975
0.989
0.987
0.995
0.991
1.005
1.012
1.014
1.017
1.004
1.019
1.030
1.027
1.024
1.029
1.025
1.007
1.006
1.011
1.014
1.024
1.021
1.019
1.020
1.013
1.019
1.023
1.033
1.047
1.032
1.025
1.038
1.033
1.039
1.029
1.031
1.035
1.032
1.024
1.022
1.033
1.034
1.012
1.014
1.023
1.015
1.020
1.023
1.024
1.027
1.018
0.996
0.991
1.004
0.996
0.987
0.983
0.984
0.981
0.960
0.953
0.948
0.959
0.973
0.963
0.948
0.948
0.955
0.959
0.963
0.950
0.958
0.962
0.948
0.947
0.953
0.961
0.971
0.976
0.970
0.963
0.961
0.973
0.977
0.985
0.988
0.985
0.999
1.005
1.010
1.008
0.991
0.999
1.013
1.022
1.022
1.013
1.007
1.015
1.016
1.011
1.002
1.011
1.036
1.034
1.027
1.024
1.026
1.048
1.044
1.037
1.040
1.042
1.050
1.047
1.042
1.036
1.045
1.043
1.045
1.035
1.038
1.042
1.041
1.043
1.021
1.023
1.025
1.031
1.032
1.024
1.026
1.019
1.014
0.998
0.985
0.984
0.994
0.991
0.984
0.981
0.968
0.966
0.965
0.966
0.962
0.948
0.951
0.969
0.973
0.969
0.955
0.941
0.943
0.953
0.950
0.958
0.960
0.969
0.974
0.953
0.946
0.961
0.971
0.980
0.987
0.977
0.973
0.972
0.979
0.987
0.988
0.994
0.993
0.993
0.997
0.994
0.990
1.000
1.004
1.003
1.006
1.013
1.019
1.020
1.025
1.013
1.007
1.034
1.033
1.036
1.049
1.038
1.044
1.042
1.029
1.038
1.051
1.060
1.051
1.047
1.049
1.046
1.050
1.047
1.045
1.049
1.043
1.035
1.035
1.031
1.024
1.028
1.027
1.023
1.021
1.006
0.999
1.001
0.993
0.996
0.995
0.983
0.985
0.979
0.976
0.973
0.960
0.966
0.964
0.959
0.969
0.961
0.964
0.968
0.958
0.956
0.958
0.961
0.960
0.959
0.964
0.967
0.963
0.960
0.954
0.963
0.964
0.955
0.967
0.976
0.980
0.981
0.968
0.966
0.979
0.977
0.970
0.987
0.998
1.003
0.993
0.983
0.988
1.002
1.012
1.011
1.006
1.011
1.018
1.020
1.021
1.017
1.030
1.038
1.046
1.045
1.043
1.045
1.043
1.044
1.039
1.043
1.047
1.051
1.048
1.047
1.048
1.043
1.046
1.042
1.036
1.040
1.032
1.032
1.029
1.019
1.021
1.018
1.017
1.017
1.012
1.010
1.001
0.993
0.990
0.983
0.986
0.989
0.985
0.984
0.983
0.984
0.976
0.970
0.974
0.969
0.973
0.973
0.966
0.968
0.968
0.965
0.966
0.962
0.959
0.967
0.955
0.960
0.959
0.958
0.969
0.959
0.964
0.965
0.962
0.969
0.967
0.969
0.980
0.972
0.970
0.981
0.973
0.985
0.982
0.987
1.000
0.995
1.003
1.010
1.011
1.019
1.014
1.014
1.020
1.021
1.029
1.032
1.036
1.044
1.039
1.037
1.035
1.037
1.039
1.038
1.049
1.046
1.046
1.045
1.041
1.038
1.041
1.041
1.038
1.039
1.037
1.032
1.029
1.024
1.021
1.017
1.018
1.011
1.011
1.007
1.005
0.998
0.998
1.002
0.992
0.993
0.995
0.984
0.990
0.985
0.981
0.980
0.975
0.981
0.980
0.970
0.967
0.970
0.968
0.961
0.964
0.960
0.958
0.963
0.960
0.960
0.958
0.956
0.960
0.959
0.958
0.963
0.963
0.963
0.968
0.967
0.967
0.975
0.971
0.980
0.982
0.980
0.990
0.988
0.994
0.998
0.997
1.010
1.008
1.014
1.019
1.015
1.025
1.029
1.029
1.035
1.032
1.037
1.037
1.030
1.037
1.041
1.041
1.043
1.042
1.041
1.039
1.041
1.037
1.031
1.037
1.035
1.034
1.041
1.031
1.028
1.033
1.018
1.022
1.027
1.011
1.019
1.011
1.007
1.011
1.003
1.003
1.004
1.001
0.998
1.000
0.992
0.989
0.984
0.984
0.983
0.976
0.976
0.974
0.972
0.971
0.965
0.966
0.960
0.961
0.961
0.959
0.958
0.958
0.951
0.957
0.959
0.955
0.959
0.958
0.965
0.968
0.959
0.962
0.966
0.970
0.976
0.971
0.974
0.985
0.987
0.992
0.990
0.992
1.001
0.999
1.006
1.011
1.014
1.017
1.019
1.020
1.020
1.024
1.031
1.026
1.027
1.028
1.031
1.042
1.035
1.033
1.035
1.028
1.042
1.033
1.037
1.031
1.028
1.044
1.033
1.032
1.037
1.032
1.039
1.030
1.021
1.025
1.025
1.020
1.021
1.014
1.018
1.018
1.009
1.006
1.006
1.001
1.005
0.999
0.991
0.999
0.989
0.986
0.988
0.977
0.981
0.978
0.971
0.980
0.961
0.965
0.962
0.954
0.970
0.956
0.958
0.967
0.950
0.968
0.967
0.949
0.965
0.961
0.960
0.972
0.956
0.971
0.975
0.966
0.980
0.973
0.980
0.992
0.977
0.990
0.990
0.985
1.012
0.994
1.001
1.015
0.997
1.022
1.016
1.004
1.026
1.006
1.020
1.035
1.009
1.035
1.022
1.015
1.045
1.018
1.036
1.039
1.016
1.042
1.025
1.034
1.048
1.024
1.039
1.032
1.032
1.039
1.029
1.032
1.024
1.029
1.034
1.019
1.027
1.021
1.016
1.021
1.013
1.014
1.018



