取樣頻率
2000.000
X振動頻率
13.672
Y震動平頻率
0.488
z振動頻率
10.254
X加速度資料
X Acc Data:4091
0.000
0.000
0.000
-0.001
-0.001
-0.001
0.000
0.003
-0.001
0.000
0.001
-0.001
0.001
0.000
0.000
0.001
-0.001
-0.001
-0.001
-0.002
0.003
0.000
0.000
0.000
0.000
0.002
-0.001
-0.002
0.002
0.000
0.001
0.001
-0.002
-0.001
-0.002
-0.002
0.000
0.000
0.001
0.001
0.000
0.001
0.000
0.004
0.000
-0.002
0.004
-0.001
0.000
0.001
-0.001
0.001
-0.001
-0.001
0.000
0.000
-0.001
0.001
-0.001
0.002
0.001
-0.002
-0.002
-0.001
0.000
0.001
-0.001
-0.001
-0.003
0.000
-0.001
-0.002
0.001
-0.002
0.000
0.001
-0.002
-0.001
0.001
-0.003
0.003
0.000
-0.001
0.002
0.001
0.002
0.002
0.000
0.003
-0.001
0.003
0.002
-0.001
0.002
0.000
0.001
0.000
-0.003
0.002
0.001
0.000
0.000
0.000
0.001
0.000
0.000
0.002
0.000
0.001
-0.001
0.000
0.001
0.000
0.002
0.000
0.000
0.002
0.001
0.000
-0.001
0.002
-0.001
0.001
0.000
0.001
0.002
0.000
0.001
0.001
0.001
0.000
0.001
0.000
-0.001
-0.001
0.001
0.002
0.001
0.000
0.000
0.000
0.000
0.001
-0.001
0.000
-0.001
0.000
0.001
-0.003
-0.001
0.001
0.001
0.003
-0.001
0.000
0.000
0.000
0.000
0.000
0.000
0.000
0.000
0.000
0.000
-0.002
-0.002
0.000
0.001
0.001
0.001
-0.003
0.001
-0.001
0.000
-0.002
0.001
-0.001
0.000
0.001
0.000
0.001
0.003
-0.001
0.001
-0.001
-0.002
0.003
0.000
0.001
0.003
-0.003
-0.001
0.000
-0.003
0.001
0.001
-0.001
0.003
0.000
-0.002
0.000
0.000
0.000
0.001
-0.001
0.001
-0.001
-0.001
0.000
0.002
0.001
0.001
0.000
0.001
0.000
0.001
-0.001
0.000
0.000
0.002
0.000
0.000
-0.001
0.000
-0.001
0.000
-0.002
0.000
0.000
0.000
-0.002
0.001
-0.004
0.000
-0.001
0.002
-0.001
-0.003
0.001
-0.001
-0.001
0.003
0.002
0.003
0.002
0.000
0.005
-0.001
0.007
-0.001
0.001
0.002
-0.001
-0.002
0.000
-0.003
0.000
-0.004
-0.004
-0.005
-0.004
-0.003
-0.006
-0.006
-0.006
-0.006
-0.002
-0.005
0.001
-0.002
-0.002
0.001
-0.001
0.001
0.001
0.002
0.001
0.001
0.004
0.002
0.004
0.006
0.003
0.004
0.005
0.003
0.008
0.003
0.010
0.007
0.009
0.009
0.005
0.009
0.005
0.009
0.007
0.010
0.007
0.005
0.007
0.005
0.004
0.001
0.003
-0.001
0.002
-0.002
0.002
-0.002
-0.002
-0.004
-0.005
-0.004
-0.006
-0.006
-0.010
-0.008
-0.007
-0.012
-0.011
-0.012
-0.010
-0.011
-0.011
-0.011
-0.012
-0.012
-0.011
-0.011
-0.011
-0.010
-0.008
-0.010
-0.004
-0.005
-0.003
-0.002
-0.002
0.000
-0.001
0.006
0.003
0.005
0.005
0.006
0.007
0.008
0.008
0.008
0.009
0.009
0.010
0.009
0.010
0.007
0.008
0.011
0.007
0.006
0.005
0.000
0.004
-0.001
0.003
-0.002
0.000
0.001
-0.006
0.000
-0.003
0.001
0.001
0.001
0.005
0.005
0.007
0.008
0.009
0.012
0.010
0.014
0.011
0.013
0.011
0.007
0.010
0.005
0.006
0.005
-0.001
0.004
-0.003
0.001
0.000
-0.005
0.001
-0.005
-0.003
0.000
-0.004
0.001
-0.002
-0.002
0.000
-0.002
-0.006
-0.003
-0.008
-0.003
-0.008
-0.008
-0.006
-0.012
-0.008
-0.009
-0.013
-0.007
-0.014
-0.011
-0.007
-0.016
-0.009
-0.011
-0.013
-0.004
-0.016
-0.006
-0.010
-0.010
-0.002
-0.010
-0.009
-0.002
-0.009
-0.004
-0.003
-0.005
0.001
-0.003
0.000
0.003
0.000
0.004
0.004
0.008
0.011
0.009
0.014
0.012
0.009
0.017
0.012
0.011
0.013
0.010
0.010
0.010
0.008
0.008
0.012
0.007
0.010
0.009
0.006
0.012
0.006
0.015
0.010
0.009
0.015
0.009
0.012
0.013
0.010
0.012
0.011
0.010
0.009
0.008
0.001
0.005
0.000
0.003
0.003
-0.004
0.001
-0.008
-0.002
-0.005
-0.007
-0.004
-0.006
-0.008
-0.003
-0.008
-0.004
-0.004
-0.009
-0.008
-0.010
-0.010
-0.006
-0.014
-0.006
-0.017
-0.013
-0.011
-0.017
-0.009
-0.011
-0.015
-0.009
-0.015
-0.005
-0.009
-0.010
-0.004
-0.006
-0.002
0.000
0.000
0.002
0.004
0.002
0.006
0.007
0.005
0.012
0.010
0.012
0.015
0.012
0.020
0.016
0.020
0.021
0.021
0.028
0.023
0.026
0.024
0.021
0.027
0.024
0.027
0.026
0.021
0.020
0.017
0.021
0.016
0.016
0.015
0.010
0.016
0.007
0.012
0.007
0.009
0.010
0.007
0.014
0.010
0.008
0.013
0.002
0.008
0.005
0.004
0.003
-0.003
0.000
-0.009
-0.011
-0.011
-0.021
-0.015
-0.023
-0.016
-0.021
-0.018
-0.017
-0.022
-0.019
-0.018
-0.018
-0.015
-0.013
-0.009
-0.014
-0.011
-0.009
-0.013
-0.009
-0.015
-0.015
-0.012
-0.018
-0.013
-0.017
-0.013
-0.014
-0.018
-0.009
-0.011
-0.009
0.001
-0.006
0.000
0.005
0.000
0.007
0.007
0.010
0.010
0.010
0.010
0.013
0.010
0.009
0.010
0.004
0.009
0.010
0.010
0.015
0.007
0.015
0.011
0.010
0.021
0.017
0.022
0.025
0.018
0.025
0.015
0.024
0.019
0.015
0.024
0.006
0.017
0.012
0.005
0.012
0.000
0.007
0.002
0.003
0.005
0.001
0.004
-0.001
0.001
-0.002
-0.003
-0.007
-0.006
-0.008
-0.005
-0.009
-0.014
-0.006
-0.021
-0.012
-0.020
-0.011
-0.019
-0.018
-0.019
-0.030
-0.021
-0.037
-0.032
-0.039
-0.036
-0.039
-0.038
-0.042
-0.035
-0.047
-0.037
-0.042
-0.046
-0.034
-0.040
-0.033
-0.032
-0.031
-0.030
-0.036
-0.023
-0.029
-0.018
-0.015
-0.009
0.003
0.000
0.008
0.010
0.016
0.022
0.031
0.044
0.045
0.050
0.059
0.058
0.056
0.062
0.063
0.063
0.073
0.077
0.072
0.076
0.076
0.076
0.077
0.082
0.082
0.083
0.090
0.093
0.084
0.083
0.075
0.069
0.067
0.063
0.062
0.053
0.044
0.037
0.028
0.023
0.013
0.005
0.005
-0.008
0.000
-0.013
-0.014
-0.020
-0.026
-0.032
-0.034
-0.035
-0.044
-0.038
-0.046
-0.047
-0.047
-0.049
-0.055
-0.052
-0.056
-0.063
-0.049
-0.056
-0.052
-0.058
-0.058
-0.057
-0.060
-0.044
-0.051
-0.052
-0.043
-0.053
-0.048
-0.047
-0.046
-0.046
-0.050
-0.052
-0.052
-0.052
-0.041
-0.049
-0.046
-0.045
-0.050
-0.043
-0.038
-0.036
-0.031
-0.021
-0.026
-0.014
-0.005
0.000
0.000
0.011
0.007
0.017
0.024
0.025
0.028
0.026
0.030
0.029
0.036
0.041
0.032
0.047
0.044
0.037
0.050
0.047
0.045
0.052
0.045
0.040
0.050
0.041
0.043
0.037
0.036
0.039
0.031
0.045
0.043
0.035
0.046
0.038
0.044
0.050
0.045
0.060
0.055
0.056
0.063
0.063
0.077
0.066
0.075
0.080
0.072
0.078
0.070
0.069
0.067
0.054
0.059
0.043
0.044
0.042
0.037
0.034
0.027
0.018
0.012
-0.003
-0.003
-0.012
-0.019
-0.025
-0.039
-0.039
-0.052
-0.056
-0.061
-0.069
-0.069
-0.073
-0.066
-0.065
-0.067
-0.063
-0.065
-0.075
-0.071
-0.075
-0.071
-0.069
-0.074
-0.064
-0.078
-0.066
-0.073
-0.072
-0.063
-0.060
-0.061
-0.058
-0.052
-0.063
-0.052
-0.063
-0.059
-0.057
-0.058
-0.047
-0.052
-0.031
-0.035
-0.029
-0.020
-0.015
-0.001
0.008
0.019
0.025
0.041
0.037
0.048
0.054
0.064
0.065
0.083
0.080
0.096
0.099
0.097
0.107
0.106
0.108
0.111
0.108
0.104
0.097
0.095
0.088
0.079
0.078
0.069
0.053
0.060
0.054
0.046
0.052
0.047
0.038
0.045
0.032
0.033
0.027
0.020
0.017
0.007
0.004
-0.006
-0.010
-0.017
-0.019
-0.033
-0.028
-0.047
-0.047
-0.054
-0.065
-0.069
-0.076
-0.090
-0.084
-0.094
-0.093
-0.096
-0.094
-0.092
-0.088
-0.081
-0.073
-0.083
-0.073
-0.076
-0.073
-0.069
-0.070
-0.058
-0.059
-0.049
-0.048
-0.035
-0.034
-0.022
-0.025
-0.007
-0.014
0.000
0.002
0.003
0.007
0.007
0.009
0.016
0.017
0.030
0.029
0.042
0.054
0.067
0.076
0.084
0.089
0.099
0.109
0.118
0.118
0.131
0.120
0.131
0.123
0.122
0.115
0.116
0.107
0.106
0.093
0.099
0.079
0.073
0.069
0.049
0.051
0.037
0.018
0.018
0.004
0.001
-0.002
-0.010
-0.022
-0.031
-0.035
-0.052
-0.052
-0.060
-0.064
-0.076
-0.075
-0.082
-0.089
-0.087
-0.101
-0.102
-0.108
-0.119
-0.116
-0.123
-0.128
-0.129
-0.132
-0.134
-0.135
-0.135
-0.124
-0.134
-0.112
-0.104
-0.099
-0.089
-0.081
-0.063
-0.059
-0.044
-0.039
-0.025
-0.010
-0.003
0.013
0.031
0.042
0.052
0.060
0.071
0.073
0.090
0.093
0.099
0.115
0.100
0.116
0.116
0.120
0.122
0.127
0.138
0.133
0.137
0.136
0.136
0.126
0.129
0.128
0.113
0.113
0.097
0.103
0.088
0.077
0.074
0.056
0.050
0.027
0.024
0.008
-0.010
-0.030
-0.043
-0.055
-0.063
-0.076
-0.083
-0.093
-0.092
-0.098
-0.108
-0.111
-0.118
-0.124
-0.123
-0.123
-0.126
-0.124
-0.122
-0.114
-0.113
-0.104
-0.101
-0.100
-0.095
-0.092
-0.085
-0.077
-0.072
-0.070
-0.061
-0.053
-0.040
-0.026
-0.011
0.000
0.015
0.028
0.036
0.045
0.061
0.070
0.072
0.082
0.081
0.085
0.088
0.098
0.103
0.105
0.104
0.100
0.093
0.093
0.087
0.086
0.078
0.063
0.058
0.050
0.043
0.036
0.034
0.032
0.019
0.012
0.009
0.007
0.001
-0.002
-0.008
-0.007
-0.020
-0.021
-0.026
-0.021
-0.018
-0.028
-0.026
-0.037
-0.048
-0.055
-0.056
-0.061
-0.061
-0.072
-0.074
-0.082
-0.080
-0.082
-0.078
-0.074
-0.077
-0.068
-0.064
-0.061
-0.054
-0.040
-0.032
-0.032
-0.023
-0.009
0.005
0.010
0.027
0.038
0.042
0.044
0.048
0.058
0.058
0.061
0.068
0.071
0.067
0.061
0.062
0.066
0.069
0.059
0.060
0.063
0.053
0.052
0.057
0.055
0.054
0.048
0.047
0.037
0.038
0.038
0.038
0.039
0.021
0.014
0.012
0.002
-0.008
-0.020
-0.027
-0.029
-0.055
-0.055
-0.062
-0.067
-0.070
-0.076
-0.079
-0.080
-0.089
-0.091
-0.088
-0.088
-0.083
-0.084
-0.083
-0.075
-0.070
-0.065
-0.056
-0.042
-0.036
-0.031
-0.028
-0.019
-0.015
-0.012
-0.012
-0.001
0.003
-0.001
0.002
0.004
0.015
0.021
0.017
0.021
0.022
0.027
0.033
0.035
0.042
0.046
0.048
0.046
0.050
0.050
0.053
0.051
0.057
0.056
0.052
0.049
0.046
0.046
0.043
0.037
0.034
0.036
0.031
0.026
0.028
0.021
0.025
0.022
0.018
0.014
0.010
0.012
0.011
0.011
0.011
0.003
0.011
0.004
-0.007
-0.003
-0.002
-0.004
-0.007
-0.010
-0.009
-0.013
-0.024
-0.022
-0.033
-0.042
-0.045
-0.053
-0.055
-0.056
-0.065
-0.060
-0.056
-0.060
-0.064
-0.069
-0.064
-0.062
-0.063
-0.058
-0.053
-0.053
-0.046
-0.046
-0.036
-0.021
-0.016
-0.011
-0.009
0.006
0.014
0.016
0.015
0.011
0.019
0.012
0.012
0.014
0.015
0.015
0.011
0.015
0.016
0.014
0.013
0.011
0.006
0.002
0.004
0.006
0.005
0.012
-0.001
0.010
0.019
0.017
0.021
0.021
0.023
0.030
0.028
0.030
0.034
0.032
0.034
0.021
0.018
0.015
0.012
0.007
0.003
-0.009
-0.009
-0.007
-0.014
-0.016
-0.019
-0.025
-0.024
-0.026
-0.028
-0.026
-0.025
-0.023
-0.026
-0.025
-0.021
-0.017
-0.014
-0.021
-0.010
-0.010
-0.005
-0.003
0.002
0.005
0.007
0.005
0.000
0.006
-0.004
-0.003
-0.007
-0.002
-0.003
-0.009
-0.002
-0.004
0.000
0.002
0.003
0.010
0.010
0.010
0.010
0.021
0.023
0.020
0.023
0.028
0.030
0.038
0.033
0.038
0.042
0.038
0.040
0.038
0.040
0.036
0.036
0.033
0.031
0.026
0.025
0.025
0.017
0.012
0.009
0.005
0.004
0.006
0.002
0.004
0.004
-0.005
-0.004
-0.011
-0.015
-0.018
-0.022
-0.023
-0.021
-0.024
-0.020
-0.028
-0.029
-0.033
-0.032
-0.034
-0.035
-0.039
-0.042
-0.045
-0.044
-0.052
-0.046
-0.047
-0.049
-0.041
-0.051
-0.046
-0.050
-0.045
-0.044
-0.052
-0.049
-0.044
-0.049
-0.037
-0.040
-0.038
-0.034
-0.030
-0.023
-0.019
-0.023
-0.022
-0.015
-0.015
-0.005
-0.005
-0.006
-0.001
-0.001
0.002
0.010
0.006
0.010
0.008
0.012
0.021
0.022
0.021
0.027
0.026
0.030
0.032
0.030
0.037
0.036
0.036
0.036
0.035
0.039
0.034
0.036
0.025
0.024
0.023
0.019
0.018
0.019
0.013
0.015
0.013
0.016
0.014
0.013
0.008
0.007
0.011
0.004
0.004
0.000
-0.002
-0.003
0.003
-0.001
0.008
0.006
0.002
0.003
0.011
0.013
0.016
0.015
0.024
0.016
0.019
0.025
0.018
0.024
0.026
0.022
0.021
0.029
0.025
0.025
0.029
0.028
0.022
0.029
0.027
0.022
0.024
0.021
0.020
0.019
0.019
0.013
0.012
0.009
0.007
0.004
0.007
0.005
-0.002
-0.005
-0.009
-0.022
-0.022
-0.025
-0.032
-0.035
-0.040
-0.043
-0.045
-0.049
-0.051
-0.054
-0.052
-0.055
-0.052
-0.053
-0.052
-0.057
-0.052
-0.053
-0.057
-0.058
-0.049
-0.053
-0.054
-0.047
-0.055
-0.050
-0.055
-0.054
-0.055
-0.055
-0.052
-0.054
-0.053
-0.052
-0.054
-0.051
-0.048
-0.049
-0.049
-0.041
-0.044
-0.040
-0.037
-0.036
-0.036
-0.030
-0.031
-0.028
-0.017
-0.017
-0.011
-0.005
-0.003
0.008
0.014
0.020
0.028
0.034
0.040
0.047
0.056
0.059
0.066
0.069
0.071
0.076
0.078
0.080
0.083
0.079
0.081
0.083
0.081
0.087
0.077
0.082
0.082
0.078
0.081
0.076
0.078
0.077
0.070
0.075
0.068
0.065
0.067
0.058
0.057
0.058
0.050
0.045
0.044
0.034
0.037
0.033
0.026
0.027
0.021
0.014
0.017
0.008
0.006
0.003
0.000
0.000
-0.004
-0.008
-0.010
-0.011
-0.014
-0.019
-0.018
-0.022
-0.029
-0.027
-0.027
-0.035
-0.036
-0.036
-0.045
-0.048
-0.044
-0.050
-0.056
-0.052
-0.055
-0.057
-0.058
-0.057
-0.061
-0.060
-0.061
-0.061
-0.056
-0.055
-0.058
-0.053
-0.049
-0.050
-0.048
-0.045
-0.046
-0.048
-0.042
-0.043
-0.044
-0.044
-0.045
-0.044
-0.048
-0.045
-0.046
-0.048
-0.045
-0.045
-0.045
-0.041
-0.040
-0.040
-0.036
-0.035
-0.037
-0.028
-0.028
-0.027
-0.018
-0.017
-0.014
-0.009
-0.006
0.000
0.002
0.005
0.008
0.010
0.015
0.017
0.017
0.020
0.021
0.022
0.023
0.025
0.023
0.029
0.033
0.028
0.035
0.035
0.034
0.041
0.039
0.041
0.046
0.047
0.050
0.053
0.054
0.061
0.058
0.058
0.066
0.062
0.064
0.069
0.063
0.068
0.068
0.063
0.064
0.062
0.059
0.059
0.056
0.055
0.056
0.053
0.048
0.045
0.041
0.040
0.038
0.033
0.032
0.030
0.023
0.021
0.014
0.010
0.010
0.002
-0.001
0.001
-0.009
-0.012
-0.014
-0.021
-0.022
-0.023
-0.027
-0.028
-0.033
-0.035
-0.037
-0.041
-0.039
-0.041
-0.042
-0.041
-0.044
-0.048
-0.048
-0.049
-0.047
-0.046
-0.047
-0.046
-0.049
-0.052
-0.051
-0.051
-0.050
-0.046
-0.049
-0.048
-0.046
-0.049
-0.046
-0.044
-0.047
-0.042
-0.037
-0.037
-0.032
-0.028
-0.028
-0.026
-0.021
-0.019
-0.011
-0.010
-0.008
-0.005
-0.003
0.000
0.002
0.006
0.010
0.010
0.015
0.016
0.015
0.017
0.018
0.021
0.022
0.024
0.024
0.023
0.021
0.023
0.023
0.021
0.025
0.026
0.029
0.027
0.027
0.029
0.028
0.030
0.033
0.030
0.032
0.033
0.030
0.035
0.032
0.031
0.036
0.031
0.034
0.031
0.026
0.030
0.030
0.026
0.027
0.023
0.021
0.024
0.020
0.019
0.020
0.016
0.016
0.013
0.011
0.011
0.008
0.005
0.005
0.008
0.004
0.002
0.002
-0.003
0.000
-0.002
-0.005
-0.003
-0.006
-0.006
-0.008
-0.010
-0.008
-0.010
-0.011
-0.013
-0.013
-0.013
-0.014
-0.015
-0.015
-0.017
-0.018
-0.019
-0.019
-0.022
-0.023
-0.022
-0.026
-0.023
-0.025
-0.027
-0.027
-0.026
-0.026
-0.026
-0.026
-0.028
-0.024
-0.029
-0.026
-0.026
-0.026
-0.026
-0.026
-0.025
-0.021
-0.023
-0.023
-0.019
-0.021
-0.018
-0.014
-0.017
-0.014
-0.010
-0.014
-0.008
-0.005
-0.007
-0.002
-0.002
0.001
0.004
0.001
0.006
0.008
0.008
0.013
0.013
0.013
0.019
0.019
0.017
0.022
0.023
0.020
0.027
0.027
0.025
0.031
0.030
0.030
0.032
0.032
0.030
0.035
0.034
0.033
0.034
0.032
0.034
0.033
0.031
0.032
0.031
0.032
0.034
0.029
0.030
0.030
0.024
0.027
0.023
0.019
0.021
0.013
0.011
0.012
0.008
0.007
0.002
0.001
0.000
-0.001
-0.004
-0.004
-0.005
-0.009
-0.007
-0.010
-0.010
-0.008
-0.010
-0.012
-0.011
-0.014
-0.016
-0.015
-0.020
-0.020
-0.019
-0.023
-0.025
-0.023
-0.028
-0.026
-0.028
-0.028
-0.029
-0.032
-0.029
-0.031
-0.027
-0.025
-0.025
-0.022
-0.022
-0.023
-0.021
-0.019
-0.020
-0.017
-0.016
-0.015
-0.013
-0.011
-0.012
-0.010
-0.010
-0.011
-0.007
-0.009
-0.005
-0.002
-0.004
-0.001
0.001
0.001
0.003
0.004
0.005
0.007
0.009
0.009
0.012
0.014
0.013
0.014
0.014
0.016
0.020
0.018
0.018
0.022
0.019
0.020
0.023
0.022
0.025
0.026
0.024
0.025
0.024
0.024
0.026
0.025
0.023
0.024
0.023
0.023
0.021
0.023
0.019
0.016
0.016
0.014
0.017
0.012
0.014
0.012
0.013
0.014
0.003
0.014
0.011
0.002
0.013
0.006
0.005
0.013
0.002
0.007
0.005
-0.001
0.001
-0.003
-0.004
-0.008
-0.009
-0.010
-0.011
-0.011
-0.012
-0.011
-0.019
-0.011
-0.014
-0.018
-0.009
-0.016
-0.018
-0.012
-0.015
-0.015
-0.020
-0.018
-0.018
-0.021
-0.015
-0.020
-0.021
-0.019
-0.022
-0.020
-0.020
-0.016
-0.021
-0.020
-0.016
-0.020
-0.015
-0.017
-0.015
-0.014
-0.016
-0.008
-0.014
-0.009
-0.005
-0.011
-0.003
-0.005
-0.006
0.000
-0.002
0.000
0.004
0.005
0.003
0.005
0.008
0.008
0.010
0.010
0.012
0.014
0.010
0.017
0.013
0.014
0.018
0.016
0.020
0.016
0.017
0.019
0.017
0.018
0.018
0.019
0.015
0.019
0.019
0.020
0.019
0.018
0.020
0.019
0.016
0.021
0.016
0.018
0.020
0.010
0.019
0.013
0.010
0.017
0.010
0.012
0.011
0.006
0.006
0.004
0.004
0.001
0.000
0.001
-0.004
-0.001
-0.005
-0.003
-0.005
-0.006
-0.005
-0.011
-0.005
-0.010
-0.014
-0.010
-0.014
-0.013
-0.016
-0.013
-0.013
-0.015
-0.011
-0.012
-0.017
-0.012
-0.016
-0.011
-0.011
-0.012
-0.013
-0.013
-0.014
-0.012
-0.012
-0.013
-0.013
-0.013
-0.014
-0.011
-0.017
-0.013
-0.011
-0.015
-0.013
-0.011
-0.012
-0.008
-0.010
-0.007
-0.006
-0.007
-0.003
0.000
0.000
0.002
0.006
0.007
0.008
0.008
0.007
0.009
0.009
0.010
0.012
0.009
0.009
0.010
0.007
0.008
0.009
0.005
0.009
0.009
0.004
0.010
0.005
0.006
0.009
0.009
0.011
0.012
0.010
0.017
0.015
0.012
0.017
0.017
0.016
0.017
0.016
0.017
0.018
0.015
0.014
0.013
0.008
0.011
0.009
0.005
0.009
0.004
0.004
0.005
-0.002
0.001
0.001
-0.001
0.001
0.003
-0.002
-0.002
-0.002
-0.001
-0.003
-0.002
0.001
-0.001
0.001
-0.003
-0.001
-0.001
-0.002
0.000
-0.001
-0.002
-0.001
-0.007
-0.008
-0.007
-0.008
-0.005
-0.008
-0.008
-0.009
-0.013
-0.012
-0.014
-0.011
-0.009
-0.012
-0.011
-0.010
-0.010
-0.010
-0.011
-0.010
-0.009
-0.005
-0.004
-0.007
-0.002
-0.004
-0.004
0.003
-0.004
0.000
0.001
-0.002
0.004
-0.001
-0.001
0.003
0.001
0.003
0.004
0.003
0.004
0.002
0.003
0.007
0.006
0.009
0.008
0.009
0.010
0.008
0.010
0.012
0.013
0.015
0.016
0.015
0.015
0.018
0.015
0.010
0.018
0.017
0.013
0.019
0.016
0.016
0.018
0.016
0.017
0.021
0.016
0.020
0.018
0.016
0.020
0.015
0.016
0.014
0.010
0.012
0.009
0.003
0.005
0.004
0.005
0.005
0.003
0.003
0.007
0.007
0.004
0.010
0.010
0.011
0.011
0.008
0.009
0.007
0.005
0.001
-0.003
-0.001
-0.003
-0.006
-0.012
-0.007
-0.013
-0.019
-0.013
-0.018
-0.021
-0.015
-0.016
-0.018
-0.014
-0.015
-0.015
-0.013
-0.011
-0.016
-0.009
-0.007
-0.013
-0.009
-0.002
-0.010
-0.010
-0.001
-0.014
-0.011
-0.006
-0.015
-0.020
-0.016
-0.019
-0.023
-0.018
-0.018
-0.021
-0.021
-0.019
-0.023
-0.021
-0.014
-0.022
-0.019
-0.012
-0.020
-0.015
-0.010
-0.013
-0.011
-0.011
-0.010
-0.011
-0.013
-0.005
-0.010
-0.005
-0.001
-0.007
0.005
0.004
-0.001
0.007
0.003
0.007
0.007
0.006
0.010
0.007
0.009
0.012
0.016
0.018
0.025
0.025
0.027
0.028
0.029
0.030
0.034
0.034
0.037
0.041
0.039
0.045
0.046
0.044
0.043
0.046
0.043
0.045
0.042
0.044
0.041
0.043
0.045
0.043
0.043
0.042
0.045
0.035
0.041
0.041
0.037
0.035
0.035
0.030
0.033
0.032
0.024
0.025
0.018
0.015
0.007
0.005
-0.002
-0.009
-0.008
-0.014
-0.019
-0.019
-0.022
-0.029
-0.033
-0.038
-0.038
-0.041
-0.039
-0.047
-0.048
-0.048
-0.053
-0.052
-0.058
-0.064
-0.064
-0.067
-0.069
-0.073
-0.079
-0.080
-0.082
-0.084
-0.082
-0.081
-0.082
-0.082
-0.077
-0.074
-0.067
-0.062
-0.058
-0.052
-0.053
-0.047
-0.038
-0.032
-0.032
-0.029
-0.027
-0.026
-0.021
-0.021
-0.020
-0.020
-0.023
-0.022
-0.018
-0.013
-0.010
-0.012
-0.006
0.000
0.003
0.017
0.021
0.021
0.034
0.041
0.046
0.056
0.053
0.060
0.066
0.071
0.072
0.077
0.079
0.081
0.073
0.075
0.077
0.071
0.071
0.067
0.070
0.062
0.065
0.065
0.062
0.063
0.060
0.058
0.061
0.061
0.048
0.050
0.046
0.047
0.038
0.032
0.031
0.024
0.020
0.017
0.010
0.009
0.006
0.001
0.001
-0.001
-0.002
-0.002
-0.003
-0.005
-0.004
-0.008
-0.007
-0.001
0.001
-0.005
-0.004
-0.006
-0.006
-0.007
-0.005
-0.005
-0.006
-0.009
-0.005
-0.003
-0.003
-0.010
-0.015
-0.014
-0.017
-0.022
-0.028
-0.034
-0.038
-0.040
-0.047
-0.054
-0.056
-0.057
-0.061
-0.066
-0.080
-0.084
-0.087
-0.088
-0.096
-0.099
-0.103
-0.109
-0.115
-0.106
-0.114
-0.114
-0.113
-0.110
-0.101
-0.103
-0.090
-0.093
-0.077
-0.074
-0.069
-0.056
-0.048
-0.041
-0.035
-0.026
-0.018
-0.008
-0.010
-0.002
0.001
0.014
0.017
0.025
0.024
0.036
0.043
0.046
0.052
0.054
0.060
0.070
0.075
0.075
0.083
0.087
0.092
0.091
0.093
0.099
0.100
0.104
0.100
0.101
0.100
0.097
0.085
0.085
0.084
0.074
0.069
0.055
0.043
0.040
0.034
0.028
0.021
0.015
0.013
0.002
0.000
-0.009
-0.012
-0.018
-0.018
-0.018
-0.024
-0.027
-0.030
-0.025
-0.026
-0.022
-0.020
-0.013
-0.010
-0.006
0.000
0.005
0.000
0.002
0.002
0.007
0.004
-0.003
-0.004
-0.015
-0.015
-0.017
-0.014
-0.017
-0.021
-0.024
-0.026
-0.028
-0.029
-0.029
-0.028
-0.028
-0.027
-0.032
-0.021
-0.025
-0.029
-0.023
-0.018
-0.017
-0.014
-0.011
-0.008
-0.007
-0.012
-0.007
-0.009
0.005
-0.005
-0.007
-0.006
-0.006
-0.006
-0.005
-0.010
-0.009
-0.018
-0.018
-0.014
-0.019
-0.022
-0.027
-0.029
-0.024
-0.033
-0.031
-0.028
-0.035
-0.033
-0.041
-0.048
-0.040
-0.037
-0.042
-0.043
-0.039
-0.043
-0.055
-0.057
-0.063
-0.064
-0.064
-0.059
-0.056
-0.055
-0.056
-0.061
-0.048
-0.042
-0.044
-0.036
-0.023
-0.026
-0.024
-0.020
-0.007
0.003
0.008
0.025
0.034
0.037
0.040
0.052
0.061
0.079
0.077
0.081
0.092
0.084
0.079
0.077
0.082
0.089
0.081
0.079
0.083
0.068
0.064
0.061
0.065
0.069
0.053
0.052
0.051
0.047
0.043
0.036
0.041
0.045
0.033
0.027
0.033
0.031
0.024
0.022
0.017
0.020
0.007
-0.006
0.002
-0.008
-0.012
-0.019
-0.024
-0.025
-0.039
-0.037
-0.038
-0.046
-0.048
-0.057
-0.061
-0.064
-0.066
-0.065
-0.062
-0.053
-0.056
-0.046
-0.049
-0.035
-0.033
-0.030
-0.028
-0.039
-0.036
-0.045
-0.048
-0.047
-0.047
-0.043
-0.048
-0.047
-0.043
-0.041
-0.031
-0.027
-0.021
-0.017
-0.018
-0.006
0.001
0.006
0.012
0.022
0.033
0.035
0.031
0.038
0.056
0.052
0.061
0.062
0.067
0.064
0.052
0.058
0.059
0.061
0.060
0.048
0.046
0.039
0.032
0.027
0.023
0.025
0.013
0.001
-0.001
-0.001
-0.011
-0.017
-0.010
-0.015
-0.022
-0.031
-0.023
-0.025
-0.032
-0.041
-0.044
-0.045
-0.058
-0.066
-0.065
-0.059
-0.061
-0.067
-0.062
-0.062
-0.059
-0.053
-0.056
-0.046
-0.050
-0.050
-0.045
-0.042
-0.043
-0.038
-0.030
-0.014
-0.020
-0.018
0.000
0.013
0.008
0.015
0.014
0.024
0.017
0.014
0.026
0.022
0.023
0.028
0.030
0.039
0.031
0.038
0.042
0.052
0.055
0.048
0.065
0.064
0.067
0.074
0.080
0.091
0.091
0.091
0.096
0.103
0.097
0.108
0.098
0.101
0.093
0.086
0.077
0.066
0.062
0.056
0.036
0.025
0.015
0.005
-0.010
-0.026
-0.029
-0.057
-0.066
-0.082
-0.088
-0.099
-0.102
-0.109
-0.105
-0.111
-0.114
-0.105
-0.109
-0.108
-0.110
-0.118
-0.106
-0.116
-0.119
-0.112
-0.115
-0.103
-0.100
-0.093
-0.076
-0.080
-0.061
-0.058
-0.037
-0.035
-0.025
-0.013
-0.006
0.005
0.016
0.028
0.046
0.059
0.059
0.073
0.087
0.082
0.100
0.102
0.106
0.111
0.108
0.113
0.106
0.112
0.108
0.102
0.111
0.104
0.089
0.100
0.081
0.079
0.076
0.065
0.060
0.054
0.041
0.041
0.031
0.029
0.015
0.011
0.000
-0.005
-0.019
-0.022
-0.035
-0.046
-0.054
-0.075
-0.071
-0.082
-0.096
-0.096
-0.098
-0.103
-0.103
-0.115
-0.109
-0.113
-0.120
-0.108
-0.119
-0.115
-0.110
-0.115
-0.096
-0.096
-0.080
-0.068
-0.068
-0.049
-0.040
-0.034
-0.026
-0.010
-0.010
0.006
0.012
0.019
0.029
0.040
0.044
0.054
0.064
0.067
0.079
0.074
0.081
0.085
0.088
0.099
0.098
0.100
0.102
0.104
0.105
0.106
0.106
0.112
0.103
0.115
0.103
0.108
0.099
0.100
0.090
0.081
0.076
0.069
0.059
0.051
0.039
0.022
0.019
-0.002
-0.011
-0.027
-0.039
-0.050
-0.063
-0.077
-0.081
-0.090
-0.095
-0.105
-0.099
-0.100
-0.097
-0.097
-0.096
-0.102
-0.084
-0.092
-0.086
-0.082
-0.081
-0.069
-0.068
-0.056
-0.055
-0.047
-0.044
-0.037
-0.037
-0.022
-0.025
-0.013
-0.010
-0.008
-0.003
0.003
0.004
0.011
0.017
0.017
0.031
0.022
0.034
0.030
0.044
0.043
0.046
0.049
0.055
0.054
0.057
0.059
0.057
0.065
0.063
0.065
0.067
0.066
0.067
0.067
0.063
0.062
0.063
0.059
0.061
0.058
0.054
0.047
0.042
0.040
0.028
0.033
0.028
0.021
0.017
0.019
0.006
0.002
0.006
-0.015
-0.014
-0.025
-0.028
-0.037
-0.040
-0.048
-0.055
-0.057
-0.063
-0.068
-0.070
-0.075
-0.083
-0.090
-0.084
-0.095
-0.089
-0.095
-0.098
-0.091
-0.094
-0.088
-0.096
-0.088
-0.087
-0.086
-0.071
-0.076
-0.073
-0.058
-0.056
-0.049
-0.039
-0.030
-0.025
-0.014
-0.001
0.005
0.008
0.028
0.030
0.042
0.052
0.055
0.065
0.074
0.088
0.093
0.100
0.107
0.105
0.120
0.115
0.121
0.123
0.111
0.120
0.115
0.114
0.115
0.100
0.103
0.091
0.097
0.101
0.083
0.092
0.083
0.077
0.079
0.064
0.070
0.058
0.054
0.057
0.034
0.040
0.033
0.018
0.027
0.008
0.007
0.003
-0.007
-0.002
-0.018
-0.016
-0.019
-0.030
-0.028
-0.027
-0.040
-0.049
-0.057
-0.061
-0.073
-0.074
-0.080
-0.097
-0.101
-0.107
-0.111
-0.110
-0.113
-0.114
-0.115
-0.115
-0.113
-0.114
-0.107
-0.112
-0.105
-0.107
-0.094
-0.092
-0.088
-0.081
-0.082
-0.077
-0.072
-0.059
-0.047
-0.045
-0.030
-0.030
-0.021
-0.006
0.006
0.020
0.029
0.037
0.045
0.047
0.063
0.061
0.070
0.077
0.073
0.078
0.083
0.082
0.086
0.083
0.091
0.085
0.085
0.087
0.088
0.086
0.087
0.083
0.081
0.082
0.076
0.075
0.074
0.070
0.062
0.064
0.057
0.049
0.045
0.039
0.035
0.028
0.028
0.018
0.013
0.008
0.000
0.003
-0.002
-0.010
-0.013
-0.013
-0.017
-0.019
-0.016
-0.016
-0.021
-0.025
-0.022
-0.027
-0.025
-0.025
-0.028
-0.027
-0.029
-0.028
-0.024
-0.025
-0.027
-0.028
-0.025
-0.021
-0.022
-0.022
-0.020
-0.022
-0.020
-0.018
-0.013
-0.013
-0.005
-0.006
-0.002
-0.003
0.000
0.000
0.006
0.001
0.006
0.002
0.003
0.001
0.003
0.004
0.002
-0.001
-0.003
0.002
0.000
0.008
0.004
0.008
0.004
0.005
-0.001
0.004
0.002
-0.001
0.001
-0.006
0.000
-0.001
-0.009
-0.006
-0.013
-0.007
-0.012
-0.009
-0.008
-0.012
-0.006
-0.007
-0.012
-0.003
-0.013
-0.003
-0.002
-0.004
0.004
-0.007
-0.005
0.001
-0.010
0.003
-0.006
-0.006
-0.003
-0.010
-0.007
-0.008
-0.013
-0.008
-0.009
-0.010
-0.010
-0.012
-0.013
-0.010
-0.007
-0.008
-0.004
-0.002
-0.002
0.006
0.005
0.004
0.008
0.010
0.008
0.008
0.010
0.013
0.010
0.019
0.015
0.014
0.015
0.013
0.014
0.018
0.017
0.013
0.014
0.018
0.012
0.015
0.018
0.014
0.016
0.016
0.015
0.016
0.013
0.016
0.012
0.012
0.009
0.010
0.010
0.008
0.007
0.010
0.006
0.007
0.004
0.004
0.008
0.004
0.006
0.006
0.004
0.008
0.006
0.009
0.009
0.009
0.010
0.011
0.009
0.012
0.013
0.012
0.018
0.013
0.017
0.017
0.015
0.016
0.012
0.014
0.014
0.009
0.012
0.009
0.007
0.009
0.006
0.005
0.003
0.004
-0.001
-0.001
-0.003
-0.008
-0.006
-0.010
-0.011
-0.013
-0.015
-0.017
-0.021
-0.020
-0.023
-0.024
-0.025
-0.028
-0.027
-0.028
-0.029
-0.031
-0.031
-0.032
-0.032
-0.031
-0.028
-0.029
-0.029
-0.028
-0.027
-0.024
-0.024
-0.021
-0.020
-0.014
-0.010
-0.009
-0.004
-0.002
0.004
0.005
0.010
0.015
0.020
0.021
0.027
0.026
0.033
0.031
0.039
0.040
0.039
0.041
0.041
0.042
0.045
0.043
0.043
0.043
0.042
0.041
0.042
0.039
0.038
0.037
0.035
0.033
0.031
0.031
0.026
0.025
0.021
0.020
0.017
0.013
0.010
0.009
0.002
-0.001
-0.004
-0.009
-0.010
-0.018
-0.020
-0.024
-0.028
-0.031
-0.031
-0.038
-0.037
-0.039
-0.042
-0.039
-0.040
-0.040
-0.039
-0.042
-0.039
-0.038
-0.037
-0.039
-0.035
-0.034
-0.034
-0.027
-0.030
-0.026
-0.025
-0.021
-0.017
-0.015
-0.013
-0.009
-0.006
-0.002
0.000
0.006
0.009
0.012
0.015
0.018
0.019
0.021
0.024
0.027
0.027
0.032
0.031
0.032
0.035
0.032
0.035
0.035
0.033
0.033
0.032
0.032
0.033
0.032
0.031
0.030
0.027
0.029
0.024
0.024
0.020
0.019
0.015
0.012
0.009
0.008
0.004
0.005
-0.001
-0.002
-0.007
-0.009
-0.010
-0.013
-0.014
-0.015
-0.015
-0.019
-0.020
-0.020
-0.023
-0.021
-0.026
-0.023
-0.024
-0.026
-0.026
-0.026
-0.026
-0.024
-0.029
-0.023
-0.024
-0.022
-0.016
-0.020
-0.016
-0.016
-0.013
-0.013
-0.008
-0.008
-0.003
-0.004
0.001
-0.001
0.004
0.007
0.009
0.010
0.009
0.012
0.008
0.012
0.013
0.014
0.016
0.018
0.016
0.015
0.019
0.013
0.015
0.017
0.014
0.014
0.016
0.009
0.015
0.011
0.011
0.010
0.007
0.009
0.009
0.006
0.006
0.006
0.001
0.002
0.000
0.001
0.002
-0.004
0.000
-0.004
-0.005
-0.005
-0.004
-0.008
-0.005
-0.007
-0.007
-0.008
-0.008
-0.008
-0.006
-0.009
-0.009
-0.009
-0.007
-0.010
-0.006
-0.007
-0.008
-0.008
-0.005
-0.006
-0.003
-0.006
-0.004
-0.002
-0.003
-0.003
-0.002
0.000
0.000
0.001
0.002
0.001
0.000
0.001
0.001
-0.001
0.000
-0.002
-0.004
-0.002
-0.003
-0.005
-0.001
-0.005
-0.003
-0.002
-0.004
-0.001
0.000
0.003
0.003
0.003
0.004
0.006
0.008
0.009
0.010
0.011
0.014
0.013
0.016
0.015
0.014
0.017
0.016
0.017
0.015
0.015
0.016
0.013
0.014
0.016
0.010
0.015
0.010
0.009
0.009
0.005
0.005
0.002
0.000
0.001
-0.005
-0.004
-0.009
-0.010
-0.013
-0.014
-0.016
-0.014
-0.015
-0.017
-0.020
-0.019
-0.023
-0.018
-0.022
-0.021
-0.018
-0.023
-0.017
-0.018
-0.018
-0.016
-0.016
-0.012
-0.010
-0.010
-0.011
-0.009
-0.005
-0.006
-0.002
0.000
0.000
0.002
0.003
0.004
0.006
0.008
0.010
0.011
0.012
0.013
0.014
0.010
0.015
0.015
0.013
0.016
0.014
0.012
0.017
0.012
0.015
0.013
0.012
0.011
0.007
0.010
0.008
0.004
0.009
0.002
0.005
0.003
0.003
0.003
0.001
0.000
0.000
-0.004
0.001
-0.004
-0.001
-0.002
-0.004
-0.002
-0.002
Y加速度資料
Y Acc Data:4091
-0.008
-0.010
-0.007
-0.008
-0.007
-0.007
-0.005
-0.006
-0.006
-0.006
-0.003
-0.006
-0.004
-0.004
-0.003
-0.004
-0.004
-0.004
-0.003
-0.003
-0.003
-0.005
-0.004
-0.003
-0.002
-0.004
-0.004
-0.005
-0.002
-0.004
-0.004
-0.003
-0.003
-0.004
-0.005
-0.007
-0.003
-0.005
-0.005
-0.004
-0.005
-0.005
-0.005
-0.005
-0.004
-0.008
-0.006
-0.007
-0.008
-0.008
-0.009
-0.007
-0.007
-0.010
-0.006
-0.009
-0.009
-0.009
-0.007
-0.009
-0.009
-0.011
-0.009
-0.009
-0.010
-0.008
-0.009
-0.009
-0.010
-0.011
-0.010
-0.009
-0.010
-0.009
-0.008
-0.011
-0.012
-0.012
-0.011
-0.009
-0.009
-0.008
-0.008
-0.008
-0.008
-0.007
-0.008
-0.009
-0.005
-0.005
-0.006
-0.006
-0.006
-0.005
-0.005
-0.005
-0.008
-0.007
-0.006
-0.005
-0.004
-0.004
-0.006
-0.006
-0.004
-0.005
-0.003
-0.004
-0.004
-0.005
-0.004
-0.004
-0.003
-0.004
-0.004
-0.004
-0.006
-0.004
-0.003
-0.005
-0.004
-0.002
-0.004
-0.006
-0.006
-0.005
-0.004
-0.007
-0.007
-0.007
-0.004
-0.004
-0.007
-0.007
-0.006
-0.007
-0.006
-0.008
-0.008
-0.008
-0.009
-0.008
-0.008
-0.007
-0.009
-0.010
-0.011
-0.009
-0.008
-0.006
-0.009
-0.010
-0.010
-0.010
-0.011
-0.011
-0.010
-0.008
-0.010
-0.010
-0.010
-0.007
-0.010
-0.008
-0.011
-0.010
-0.010
-0.009
-0.010
-0.008
-0.009
-0.008
-0.008
-0.006
-0.008
-0.006
-0.006
-0.008
-0.006
-0.007
-0.005
-0.003
-0.006
-0.003
-0.004
-0.005
-0.003
-0.004
-0.005
-0.003
-0.005
-0.003
-0.004
-0.002
-0.003
-0.003
-0.003
-0.001
-0.004
-0.004
-0.003
-0.003
-0.004
-0.002
-0.004
-0.005
-0.004
-0.004
-0.003
-0.004
-0.005
-0.005
-0.005
-0.005
-0.005
-0.005
-0.005
-0.006
-0.007
-0.006
-0.006
-0.005
-0.006
-0.007
-0.007
-0.009
-0.010
-0.009
-0.009
-0.009
-0.010
-0.009
-0.009
-0.009
-0.010
-0.011
-0.010
-0.011
-0.009
-0.007
-0.006
-0.005
-0.007
-0.003
-0.004
0.000
-0.004
-0.004
-0.002
-0.004
-0.004
-0.003
-0.001
-0.003
-0.005
-0.005
-0.004
-0.006
-0.003
-0.007
-0.004
-0.006
-0.005
-0.007
-0.008
-0.005
-0.007
-0.004
-0.006
-0.004
-0.003
-0.005
-0.002
-0.003
-0.004
0.000
-0.001
-0.001
0.003
0.000
0.002
-0.001
0.005
0.002
0.003
0.003
0.004
0.007
0.007
0.011
0.008
0.011
0.010
0.014
0.014
0.015
0.015
0.014
0.015
0.014
0.018
0.017
0.022
0.017
0.021
0.021
0.023
0.023
0.021
0.024
0.023
0.025
0.020
0.024
0.022
0.024
0.025
0.025
0.026
0.024
0.022
0.022
0.024
0.023
0.024
0.024
0.025
0.027
0.023
0.024
0.023
0.025
0.025
0.027
0.026
0.026
0.029
0.027
0.028
0.031
0.028
0.031
0.029
0.033
0.032
0.030
0.032
0.032
0.033
0.035
0.036
0.036
0.035
0.037
0.033
0.033
0.029
0.030
0.028
0.026
0.025
0.024
0.024
0.026
0.023
0.028
0.027
0.030
0.030
0.032
0.030
0.034
0.037
0.036
0.041
0.042
0.045
0.047
0.047
0.051
0.050
0.052
0.054
0.054
0.057
0.057
0.061
0.060
0.060
0.063
0.061
0.064
0.064
0.066
0.067
0.068
0.069
0.070
0.068
0.069
0.069
0.071
0.075
0.075
0.079
0.077
0.076
0.078
0.077
0.077
0.075
0.075
0.078
0.074
0.074
0.075
0.073
0.076
0.073
0.074
0.074
0.071
0.072
0.070
0.066
0.066
0.063
0.064
0.065
0.064
0.064
0.062
0.060
0.062
0.058
0.061
0.060
0.057
0.060
0.061
0.060
0.063
0.060
0.064
0.063
0.062
0.066
0.063
0.062
0.064
0.064
0.066
0.066
0.065
0.064
0.064
0.064
0.064
0.065
0.067
0.068
0.067
0.066
0.068
0.068
0.072
0.070
0.071
0.075
0.073
0.077
0.075
0.079
0.076
0.081
0.082
0.087
0.086
0.086
0.088
0.088
0.092
0.091
0.090
0.096
0.092
0.098
0.096
0.096
0.098
0.097
0.098
0.101
0.102
0.107
0.109
0.109
0.109
0.110
0.109
0.108
0.106
0.109
0.108
0.109
0.110
0.105
0.108
0.104
0.106
0.109
0.107
0.111
0.104
0.106
0.108
0.103
0.106
0.105
0.106
0.108
0.107
0.105
0.106
0.104
0.107
0.106
0.105
0.108
0.105
0.109
0.108
0.105
0.109
0.110
0.117
0.117
0.115
0.119
0.118
0.118
0.118
0.119
0.122
0.124
0.124
0.125
0.123
0.123
0.120
0.118
0.118
0.122
0.123
0.126
0.124
0.127
0.129
0.130
0.130
0.133
0.137
0.140
0.140
0.140
0.144
0.144
0.143
0.142
0.141
0.145
0.146
0.146
0.146
0.140
0.139
0.140
0.141
0.143
0.145
0.146
0.144
0.144
0.146
0.145
0.144
0.147
0.148
0.150
0.150
0.153
0.150
0.149
0.148
0.142
0.142
0.143
0.143
0.144
0.142
0.141
0.140
0.142
0.139
0.138
0.141
0.140
0.139
0.142
0.141
0.144
0.143
0.140
0.142
0.144
0.145
0.145
0.142
0.140
0.142
0.141
0.139
0.138
0.140
0.142
0.144
0.141
0.145
0.145
0.146
0.152
0.153
0.157
0.161
0.160
0.163
0.164
0.162
0.166
0.162
0.169
0.173
0.174
0.180
0.175
0.183
0.183
0.182
0.184
0.178
0.186
0.186
0.194
0.196
0.190
0.196
0.189
0.196
0.197
0.203
0.207
0.205
0.211
0.210
0.209
0.207
0.202
0.204
0.207
0.207
0.209
0.207
0.210
0.202
0.201
0.196
0.194
0.197
0.191
0.194
0.195
0.193
0.188
0.183
0.183
0.180
0.178
0.177
0.179
0.181
0.176
0.175
0.171
0.169
0.170
0.171
0.175
0.178
0.179
0.175
0.176
0.177
0.180
0.180
0.185
0.189
0.195
0.201
0.197
0.192
0.190
0.190
0.193
0.190
0.190
0.191
0.198
0.199
0.196
0.189
0.188
0.189
0.194
0.191
0.195
0.194
0.193
0.192
0.187
0.187
0.184
0.180
0.178
0.174
0.173
0.168
0.163
0.161
0.154
0.157
0.151
0.152
0.157
0.157
0.161
0.160
0.163
0.163
0.165
0.167
0.170
0.175
0.181
0.184
0.189
0.188
0.189
0.188
0.193
0.199
0.203
0.208
0.208
0.212
0.217
0.219
0.224
0.227
0.226
0.229
0.225
0.222
0.227
0.226
0.226
0.222
0.218
0.214
0.213
0.211
0.203
0.198
0.194
0.189
0.183
0.182
0.177
0.182
0.181
0.175
0.175
0.175
0.175
0.176
0.177
0.179
0.183
0.186
0.183
0.175
0.171
0.171
0.173
0.174
0.177
0.179
0.184
0.185
0.176
0.177
0.177
0.181
0.181
0.173
0.174
0.178
0.182
0.178
0.170
0.167
0.164
0.163
0.164
0.156
0.156
0.153
0.149
0.148
0.146
0.142
0.146
0.146
0.145
0.144
0.153
0.161
0.156
0.147
0.148
0.146
0.152
0.148
0.143
0.146
0.144
0.145
0.132
0.130
0.131
0.124
0.129
0.129
0.122
0.119
0.110
0.110
0.105
0.100
0.096
0.086
0.088
0.090
0.089
0.090
0.085
0.093
0.094
0.101
0.105
0.113
0.130
0.131
0.125
0.122
0.126
0.135
0.144
0.140
0.143
0.147
0.156
0.152
0.147
0.157
0.160
0.164
0.165
0.163
0.167
0.167
0.163
0.154
0.154
0.154
0.156
0.152
0.154
0.153
0.153
0.153
0.154
0.163
0.169
0.174
0.179
0.177
0.172
0.169
0.168
0.166
0.168
0.167
0.167
0.170
0.168
0.160
0.160
0.153
0.153
0.149
0.147
0.142
0.132
0.128
0.118
0.109
0.100
0.087
0.088
0.084
0.070
0.066
0.073
0.083
0.084
0.085
0.083
0.077
0.076
0.077
0.076
0.077
0.081
0.079
0.076
0.077
0.073
0.062
0.066
0.065
0.063
0.054
0.049
0.045
0.032
0.023
0.015
0.011
0.014
0.013
0.006
0.001
0.005
0.013
0.021
0.032
0.037
0.033
0.031
0.035
0.033
0.038
0.043
0.053
0.057
0.066
0.069
0.074
0.080
0.082
0.078
0.081
0.085
0.079
0.081
0.078
0.073
0.061
0.062
0.063
0.058
0.053
0.049
0.051
0.064
0.073
0.072
0.072
0.073
0.070
0.069
0.076
0.070
0.062
0.060
0.065
0.064
0.054
0.056
0.054
0.056
0.049
0.042
0.044
0.041
0.033
0.034
0.033
0.027
0.026
0.022
0.021
0.016
0.019
0.027
0.028
0.026
0.019
0.023
0.021
0.019
0.020
0.012
0.010
0.006
0.007
0.000
0.007
0.008
0.001
-0.008
-0.011
-0.020
-0.029
-0.032
-0.030
-0.036
-0.046
-0.047
-0.048
-0.048
-0.046
-0.036
-0.023
-0.028
-0.027
-0.020
-0.012
-0.022
-0.014
0.001
-0.004
-0.004
0.007
0.011
0.006
0.009
0.014
0.013
0.009
0.010
0.004
0.003
0.000
-0.002
-0.014
-0.017
-0.013
-0.014
-0.013
-0.013
-0.009
-0.013
-0.010
-0.004
-0.011
-0.020
-0.019
-0.012
-0.027
-0.024
-0.013
-0.018
-0.028
-0.027
-0.020
-0.036
-0.043
-0.040
-0.046
-0.063
-0.075
-0.073
-0.083
-0.094
-0.098
-0.094
-0.094
-0.092
-0.098
-0.100
-0.101
-0.097
-0.101
-0.102
-0.095
-0.092
-0.095
-0.099
-0.087
-0.082
-0.087
-0.088
-0.080
-0.081
-0.085
-0.083
-0.083
-0.085
-0.089
-0.087
-0.095
-0.101
-0.093
-0.089
-0.084
-0.075
-0.067
-0.072
-0.074
-0.065
-0.057
-0.061
-0.059
-0.054
-0.053
-0.061
-0.055
-0.044
-0.043
-0.053
-0.050
-0.052
-0.060
-0.065
-0.065
-0.074
-0.082
-0.085
-0.090
-0.106
-0.112
-0.107
-0.105
-0.113
-0.122
-0.120
-0.120
-0.127
-0.129
-0.129
-0.128
-0.136
-0.141
-0.138
-0.131
-0.133
-0.138
-0.143
-0.135
-0.134
-0.149
-0.151
-0.146
-0.137
-0.146
-0.150
-0.150
-0.152
-0.147
-0.148
-0.147
-0.141
-0.136
-0.132
-0.140
-0.130
-0.112
-0.114
-0.120
-0.117
-0.101
-0.100
-0.110
-0.097
-0.088
-0.094
-0.107
-0.102
-0.096
-0.104
-0.108
-0.105
-0.104
-0.122
-0.132
-0.136
-0.136
-0.144
-0.152
-0.156
-0.155
-0.162
-0.163
-0.164
-0.161
-0.159
-0.161
-0.160
-0.162
-0.165
-0.156
-0.143
-0.143
-0.151
-0.161
-0.149
-0.156
-0.173
-0.164
-0.156
-0.158
-0.180
-0.185
-0.177
-0.180
-0.186
-0.186
-0.185
-0.182
-0.190
-0.186
-0.183
-0.179
-0.170
-0.167
-0.161
-0.161
-0.157
-0.159
-0.154
-0.141
-0.129
-0.134
-0.141
-0.138
-0.137
-0.143
-0.144
-0.135
-0.130
-0.142
-0.153
-0.156
-0.151
-0.150
-0.159
-0.166
-0.167
-0.167
-0.171
-0.179
-0.177
-0.165
-0.166
-0.170
-0.172
-0.170
-0.178
-0.184
-0.176
-0.166
-0.173
-0.193
-0.193
-0.193
-0.200
-0.208
-0.210
-0.204
-0.205
-0.216
-0.226
-0.227
-0.225
-0.219
-0.225
-0.232
-0.237
-0.232
-0.228
-0.229
-0.229
-0.217
-0.206
-0.202
-0.211
-0.212
-0.198
-0.190
-0.183
-0.168
-0.164
-0.166
-0.174
-0.172
-0.169
-0.170
-0.167
-0.159
-0.158
-0.170
-0.182
-0.170
-0.163
-0.162
-0.172
-0.184
-0.181
-0.177
-0.182
-0.189
-0.184
-0.167
-0.168
-0.177
-0.180
-0.174
-0.173
-0.177
-0.177
-0.167
-0.157
-0.170
-0.194
-0.194
-0.188
-0.195
-0.203
-0.201
-0.199
-0.203
-0.210
-0.211
-0.204
-0.204
-0.206
-0.215
-0.224
-0.228
-0.234
-0.227
-0.215
-0.209
-0.215
-0.214
-0.202
-0.196
-0.201
-0.208
-0.194
-0.173
-0.170
-0.177
-0.168
-0.160
-0.159
-0.166
-0.173
-0.178
-0.177
-0.178
-0.186
-0.189
-0.186
-0.185
-0.195
-0.201
-0.204
-0.214
-0.222
-0.231
-0.231
-0.233
-0.230
-0.221
-0.223
-0.227
-0.224
-0.217
-0.209
-0.207
-0.206
-0.204
-0.198
-0.194
-0.188
-0.178
-0.169
-0.182
-0.184
-0.181
-0.183
-0.187
-0.185
-0.183
-0.183
-0.180
-0.181
-0.183
-0.188
-0.189
-0.190
-0.193
-0.200
-0.212
-0.214
-0.211
-0.206
-0.204
-0.209
-0.206
-0.200
-0.194
-0.190
-0.186
-0.183
-0.183
-0.180
-0.176
-0.177
-0.180
-0.173
-0.164
-0.165
-0.173
-0.176
-0.178
-0.181
-0.181
-0.182
-0.186
-0.184
-0.178
-0.177
-0.176
-0.177
-0.182
-0.188
-0.194
-0.196
-0.203
-0.202
-0.202
-0.199
-0.192
-0.184
-0.182
-0.183
-0.180
-0.172
-0.162
-0.159
-0.160
-0.158
-0.159
-0.155
-0.147
-0.146
-0.149
-0.142
-0.143
-0.136
-0.143
-0.144
-0.146
-0.154
-0.159
-0.164
-0.169
-0.167
-0.164
-0.164
-0.168
-0.173
-0.173
-0.179
-0.180
-0.183
-0.198
-0.199
-0.196
-0.195
-0.196
-0.197
-0.196
-0.188
-0.181
-0.172
-0.166
-0.169
-0.160
-0.148
-0.146
-0.138
-0.134
-0.135
-0.133
-0.130
-0.135
-0.135
-0.131
-0.122
-0.115
-0.117
-0.123
-0.128
-0.135
-0.137
-0.137
-0.142
-0.150
-0.155
-0.155
-0.155
-0.156
-0.156
-0.159
-0.158
-0.165
-0.170
-0.178
-0.180
-0.183
-0.183
-0.188
-0.191
-0.186
-0.180
-0.178
-0.166
-0.157
-0.159
-0.159
-0.156
-0.150
-0.143
-0.131
-0.121
-0.126
-0.128
-0.125
-0.129
-0.124
-0.119
-0.121
-0.127
-0.126
-0.125
-0.122
-0.111
-0.109
-0.114
-0.117
-0.120
-0.125
-0.120
-0.115
-0.117
-0.127
-0.129
-0.131
-0.131
-0.128
-0.124
-0.121
-0.122
-0.123
-0.125
-0.122
-0.119
-0.122
-0.125
-0.133
-0.137
-0.129
-0.124
-0.126
-0.130
-0.126
-0.121
-0.121
-0.116
-0.110
-0.107
-0.099
-0.091
-0.090
-0.089
-0.091
-0.086
-0.084
-0.084
-0.080
-0.075
-0.065
-0.067
-0.068
-0.072
-0.073
-0.079
-0.079
-0.077
-0.073
-0.066
-0.068
-0.071
-0.077
-0.079
-0.076
-0.078
-0.080
-0.083
-0.084
-0.087
-0.094
-0.098
-0.104
-0.110
-0.109
-0.111
-0.111
-0.111
-0.111
-0.111
-0.114
-0.107
-0.105
-0.102
-0.101
-0.100
-0.098
-0.094
-0.096
-0.092
-0.090
-0.097
-0.097
-0.098
-0.098
-0.099
-0.099
-0.098
-0.095
-0.093
-0.083
-0.082
-0.076
-0.074
-0.075
-0.073
-0.072
-0.067
-0.070
-0.067
-0.060
-0.066
-0.062
-0.067
-0.078
-0.078
-0.078
-0.080
-0.081
-0.085
-0.077
-0.075
-0.080
-0.079
-0.080
-0.088
-0.081
-0.076
-0.085
-0.090
-0.091
-0.090
-0.088
-0.083
-0.074
-0.075
-0.075
-0.069
-0.064
-0.063
-0.064
-0.061
-0.057
-0.052
-0.045
-0.036
-0.033
-0.036
-0.036
-0.034
-0.041
-0.042
-0.034
-0.035
-0.041
-0.033
-0.033
-0.042
-0.043
-0.041
-0.047
-0.054
-0.051
-0.047
-0.050
-0.048
-0.044
-0.044
-0.047
-0.046
-0.042
-0.042
-0.047
-0.040
-0.033
-0.036
-0.039
-0.034
-0.030
-0.032
-0.038
-0.035
-0.032
-0.028
-0.029
-0.026
-0.025
-0.025
-0.023
-0.028
-0.033
-0.032
-0.033
-0.034
-0.036
-0.032
-0.031
-0.036
-0.039
-0.040
-0.040
-0.041
-0.042
-0.042
-0.045
-0.042
-0.042
-0.045
-0.053
-0.046
-0.042
-0.046
-0.053
-0.048
-0.044
-0.042
-0.046
-0.046
-0.051
-0.050
-0.045
-0.045
-0.044
-0.043
-0.042
-0.041
-0.042
-0.037
-0.040
-0.044
-0.048
-0.048
-0.046
-0.046
-0.044
-0.043
-0.047
-0.048
-0.047
-0.050
-0.050
-0.053
-0.055
-0.055
-0.049
-0.049
-0.054
-0.053
-0.052
-0.051
-0.050
-0.044
-0.036
-0.035
-0.038
-0.042
-0.041
-0.040
-0.036
-0.033
-0.030
-0.024
-0.026
-0.027
-0.029
-0.029
-0.022
-0.019
-0.017
-0.014
-0.014
-0.016
-0.021
-0.023
-0.023
-0.015
-0.010
-0.009
-0.010
-0.012
-0.015
-0.016
-0.019
-0.011
-0.007
-0.006
-0.007
-0.009
-0.017
-0.016
-0.008
-0.009
-0.005
-0.006
-0.004
-0.005
-0.015
-0.015
-0.015
-0.014
-0.011
-0.008
-0.008
-0.013
-0.014
-0.018
-0.021
-0.020
-0.016
-0.016
-0.018
-0.019
-0.020
-0.024
-0.027
-0.026
-0.021
-0.021
-0.022
-0.021
-0.024
-0.028
-0.030
-0.030
-0.030
-0.027
-0.022
-0.024
-0.025
-0.030
-0.032
-0.031
-0.029
-0.028
-0.027
-0.028
-0.029
-0.032
-0.035
-0.035
-0.030
-0.029
-0.031
-0.032
-0.035
-0.034
-0.034
-0.038
-0.035
-0.033
-0.031
-0.030
-0.031
-0.030
-0.031
-0.028
-0.025
-0.021
-0.020
-0.021
-0.019
-0.018
-0.019
-0.017
-0.014
-0.014
-0.014
-0.014
-0.013
-0.013
-0.010
-0.011
-0.011
-0.011
-0.010
-0.010
-0.011
-0.012
-0.010
-0.011
-0.013
-0.012
-0.010
-0.011
-0.009
-0.009
-0.010
-0.010
-0.009
-0.010
-0.010
-0.012
-0.009
-0.007
-0.007
-0.005
-0.007
-0.008
-0.007
-0.006
-0.006
-0.006
-0.007
-0.007
-0.009
-0.012
-0.012
-0.010
-0.010
-0.010
-0.010
-0.010
-0.012
-0.012
-0.011
-0.014
-0.015
-0.013
-0.014
-0.011
-0.012
-0.012
-0.015
-0.014
-0.012
-0.013
-0.011
-0.012
-0.011
-0.010
-0.014
-0.014
-0.012
-0.011
-0.010
-0.012
-0.010
-0.009
-0.013
-0.013
-0.014
-0.013
-0.014
-0.012
-0.015
-0.013
-0.013
-0.016
-0.018
-0.018
-0.019
-0.015
-0.015
-0.019
-0.017
-0.018
-0.017
-0.018
-0.018
-0.013
-0.016
-0.017
-0.018
-0.019
-0.020
-0.016
-0.012
-0.010
-0.009
-0.009
-0.007
-0.005
-0.005
-0.004
-0.003
-0.004
-0.004
-0.004
-0.005
-0.003
-0.003
-0.006
-0.006
-0.008
-0.007
-0.007
-0.007
-0.005
-0.007
-0.009
-0.008
-0.011
-0.010
-0.010
-0.009
-0.009
-0.009
-0.008
-0.009
-0.011
-0.011
-0.010
-0.008
-0.007
-0.007
-0.006
-0.006
-0.007
-0.005
-0.005
-0.004
-0.002
-0.003
-0.002
-0.005
-0.004
-0.004
-0.005
-0.004
-0.004
-0.006
-0.009
-0.008
-0.010
-0.009
-0.009
-0.007
-0.007
-0.009
-0.011
-0.013
-0.012
-0.012
-0.012
-0.012
-0.012
-0.013
-0.014
-0.012
-0.013
-0.014
-0.013
-0.012
-0.014
-0.013
-0.012
-0.011
-0.013
-0.013
-0.013
-0.012
-0.011
-0.010
-0.011
-0.011
-0.011
-0.012
-0.012
-0.013
-0.010
-0.011
-0.012
-0.011
-0.013
-0.011
-0.011
-0.010
-0.009
-0.012
-0.011
-0.011
-0.010
-0.012
-0.010
-0.008
-0.007
-0.009
-0.007
-0.007
-0.009
-0.007
-0.005
-0.009
-0.010
-0.009
-0.014
-0.021
-0.014
-0.001
-0.010
-0.016
-0.008
-0.007
-0.002
-0.006
0.000
0.002
-0.009
-0.003
-0.008
-0.007
0.000
-0.004
-0.010
-0.011
-0.005
-0.008
-0.012
-0.009
-0.009
-0.006
-0.010
-0.010
-0.012
-0.013
-0.009
-0.014
-0.012
-0.013
-0.016
-0.012
-0.019
-0.016
-0.015
-0.016
-0.014
-0.013
-0.012
-0.012
-0.011
-0.008
-0.010
-0.011
-0.009
-0.006
-0.009
-0.008
-0.005
-0.008
-0.008
-0.010
-0.009
-0.008
-0.009
-0.007
-0.012
-0.012
-0.014
-0.013
-0.014
-0.016
-0.016
-0.015
-0.017
-0.011
-0.016
-0.015
-0.015
-0.016
-0.013
-0.017
-0.015
-0.013
-0.016
-0.014
-0.017
-0.013
-0.014
-0.015
-0.016
-0.013
-0.016
-0.015
-0.014
-0.012
-0.017
-0.012
-0.016
-0.020
-0.018
-0.016
-0.016
-0.021
-0.019
-0.018
-0.019
-0.019
-0.023
-0.021
-0.020
-0.019
-0.019
-0.017
-0.019
-0.014
-0.024
-0.020
-0.016
-0.019
-0.017
-0.015
-0.012
-0.014
-0.016
-0.018
-0.016
-0.013
-0.015
-0.015
-0.014
-0.013
-0.017
-0.021
-0.024
-0.026
-0.025
-0.025
-0.027
-0.021
-0.022
-0.025
-0.027
-0.030
-0.027
-0.024
-0.019
-0.016
-0.017
-0.021
-0.024
-0.024
-0.025
-0.020
-0.018
-0.015
-0.013
-0.015
-0.019
-0.018
-0.020
-0.016
-0.016
-0.016
-0.013
-0.016
-0.021
-0.025
-0.024
-0.024
-0.024
-0.021
-0.024
-0.023
-0.026
-0.025
-0.027
-0.028
-0.025
-0.026
-0.025
-0.020
-0.023
-0.024
-0.025
-0.024
-0.024
-0.024
-0.022
-0.024
-0.023
-0.023
-0.025
-0.026
-0.028
-0.026
-0.027
-0.026
-0.027
-0.029
-0.028
-0.028
-0.030
-0.027
-0.028
-0.027
-0.027
-0.025
-0.024
-0.023
-0.025
-0.025
-0.027
-0.030
-0.029
-0.029
-0.029
-0.025
-0.026
-0.027
-0.026
-0.026
-0.031
-0.031
-0.030
-0.030
-0.028
-0.029
-0.032
-0.034
-0.038
-0.041
-0.039
-0.038
-0.036
-0.036
-0.034
-0.038
-0.043
-0.038
-0.036
-0.035
-0.032
-0.029
-0.031
-0.034
-0.037
-0.037
-0.033
-0.029
-0.025
-0.027
-0.028
-0.032
-0.034
-0.033
-0.033
-0.031
-0.028
-0.031
-0.031
-0.034
-0.034
-0.039
-0.042
-0.038
-0.039
-0.036
-0.035
-0.039
-0.040
-0.042
-0.038
-0.037
-0.038
-0.040
-0.043
-0.042
-0.039
-0.040
-0.039
-0.037
-0.031
-0.031
-0.035
-0.038
-0.039
-0.037
-0.033
-0.037
-0.039
-0.040
-0.041
-0.041
-0.048
-0.050
-0.048
-0.044
-0.045
-0.047
-0.052
-0.055
-0.058
-0.061
-0.066
-0.066
-0.061
-0.055
-0.056
-0.058
-0.056
-0.055
-0.060
-0.065
-0.061
-0.052
-0.048
-0.047
-0.053
-0.051
-0.049
-0.055
-0.056
-0.055
-0.056
-0.062
-0.070
-0.070
-0.071
-0.069
-0.065
-0.067
-0.069
-0.063
-0.063
-0.058
-0.060
-0.060
-0.049
-0.053
-0.058
-0.061
-0.061
-0.066
-0.067
-0.064
-0.065
-0.063
-0.057
-0.057
-0.065
-0.063
-0.055
-0.063
-0.066
-0.061
-0.063
-0.065
-0.062
-0.056
-0.062
-0.063
-0.059
-0.063
-0.064
-0.066
-0.066
-0.064
-0.063
-0.064
-0.062
-0.056
-0.059
-0.056
-0.055
-0.053
-0.055
-0.059
-0.063
-0.067
-0.065
-0.058
-0.062
-0.068
-0.060
-0.069
-0.073
-0.069
-0.073
-0.075
-0.078
-0.082
-0.086
-0.090
-0.086
-0.082
-0.087
-0.087
-0.096
-0.106
-0.109
-0.108
-0.103
-0.098
-0.097
-0.093
-0.101
-0.103
-0.099
-0.105
-0.107
-0.109
-0.104
-0.099
-0.106
-0.104
-0.108
-0.111
-0.106
-0.099
-0.093
-0.093
-0.094
-0.102
-0.108
-0.107
-0.110
-0.110
-0.104
-0.105
-0.109
-0.111
-0.106
-0.108
-0.116
-0.117
-0.119
-0.120
-0.123
-0.123
-0.120
-0.118
-0.118
-0.115
-0.115
-0.114
-0.115
-0.113
-0.112
-0.111
-0.108
-0.108
-0.114
-0.117
-0.113
-0.110
-0.115
-0.119
-0.124
-0.128
-0.130
-0.138
-0.144
-0.145
-0.145
-0.140
-0.142
-0.144
-0.143
-0.138
-0.138
-0.144
-0.144
-0.136
-0.129
-0.127
-0.124
-0.123
-0.122
-0.120
-0.121
-0.127
-0.127
-0.114
-0.109
-0.114
-0.120
-0.116
-0.109
-0.103
-0.099
-0.107
-0.116
-0.114
-0.109
-0.104
-0.098
-0.091
-0.087
-0.097
-0.104
-0.105
-0.103
-0.102
-0.098
-0.106
-0.116
-0.120
-0.122
-0.131
-0.143
-0.147
-0.158
-0.173
-0.176
-0.177
-0.177
-0.177
-0.182
-0.198
-0.205
-0.199
-0.192
-0.191
-0.190
-0.190
-0.191
-0.190
-0.193
-0.193
-0.187
-0.179
-0.177
-0.179
-0.174
-0.172
-0.169
-0.163
-0.167
-0.163
-0.158
-0.151
-0.145
-0.136
-0.137
-0.137
-0.134
-0.137
-0.144
-0.144
-0.135
-0.137
-0.146
-0.161
-0.171
-0.179
-0.180
-0.182
-0.196
-0.208
-0.208
-0.208
-0.218
-0.218
-0.221
-0.222
-0.224
-0.225
-0.226
-0.234
-0.235
-0.228
-0.229
-0.234
-0.235
-0.228
-0.213
-0.206
-0.203
-0.205
-0.200
-0.180
-0.166
-0.158
-0.146
-0.145
-0.133
-0.124
-0.123
-0.120
-0.127
-0.130
-0.124
-0.122
-0.127
-0.143
-0.145
-0.143
-0.146
-0.149
-0.154
-0.153
-0.136
-0.137
-0.156
-0.161
-0.158
-0.160
-0.164
-0.163
-0.168
-0.176
-0.179
-0.178
-0.180
-0.183
-0.191
-0.192
-0.188
-0.184
-0.182
-0.183
-0.178
-0.174
-0.175
-0.183
-0.176
-0.173
-0.181
-0.188
-0.188
-0.190
-0.197
-0.211
-0.223
-0.215
-0.205
-0.204
-0.212
-0.213
-0.217
-0.214
-0.218
-0.225
-0.217
-0.208
-0.211
-0.217
-0.208
-0.204
-0.201
-0.201
-0.192
-0.177
-0.169
-0.169
-0.172
-0.162
-0.151
-0.153
-0.162
-0.173
-0.175
-0.166
-0.170
-0.193
-0.209
-0.212
-0.214
-0.217
-0.217
-0.217
-0.221
-0.237
-0.247
-0.250
-0.255
-0.258
-0.258
-0.260
-0.267
-0.267
-0.265
-0.269
-0.266
-0.255
-0.242
-0.235
-0.229
-0.226
-0.214
-0.201
-0.202
-0.201
-0.193
-0.181
-0.187
-0.197
-0.201
-0.202
-0.195
-0.185
-0.182
-0.179
-0.182
-0.183
-0.184
-0.183
-0.182
-0.177
-0.172
-0.178
-0.182
-0.172
-0.162
-0.156
-0.158
-0.147
-0.135
-0.135
-0.137
-0.136
-0.122
-0.116
-0.125
-0.130
-0.125
-0.122
-0.138
-0.162
-0.166
-0.155
-0.153
-0.154
-0.165
-0.172
-0.188
-0.198
-0.193
-0.194
-0.205
-0.204
-0.207
-0.217
-0.227
-0.233
-0.226
-0.210
-0.199
-0.199
-0.208
-0.199
-0.191
-0.189
-0.190
-0.174
-0.163
-0.176
-0.190
-0.196
-0.201
-0.199
-0.192
-0.172
-0.168
-0.185
-0.196
-0.195
-0.188
-0.192
-0.197
-0.182
-0.182
-0.188
-0.191
-0.192
-0.191
-0.190
-0.174
-0.151
-0.158
-0.171
-0.173
-0.158
-0.148
-0.152
-0.146
-0.140
-0.152
-0.177
-0.176
-0.157
-0.145
-0.155
-0.162
-0.151
-0.154
-0.170
-0.171
-0.157
-0.154
-0.164
-0.176
-0.167
-0.162
-0.177
-0.184
-0.166
-0.149
-0.160
-0.174
-0.169
-0.163
-0.169
-0.169
-0.159
-0.161
-0.178
-0.196
-0.201
-0.188
-0.189
-0.190
-0.193
-0.199
-0.206
-0.208
-0.207
-0.206
-0.204
-0.193
-0.198
-0.200
-0.199
-0.199
-0.189
-0.172
-0.145
-0.137
-0.137
-0.131
-0.119
-0.107
-0.103
-0.093
-0.096
-0.094
-0.103
-0.108
-0.105
-0.103
-0.102
-0.103
-0.104
-0.105
-0.103
-0.103
-0.112
-0.112
-0.105
-0.102
-0.098
-0.107
-0.111
-0.099
-0.086
-0.087
-0.099
-0.087
-0.072
-0.082
-0.096
-0.087
-0.073
-0.082
-0.099
-0.103
-0.094
-0.100
-0.109
-0.104
-0.103
-0.102
-0.110
-0.114
-0.113
-0.109
-0.110
-0.122
-0.115
-0.110
-0.114
-0.118
-0.111
-0.098
-0.103
-0.107
-0.094
-0.082
-0.090
-0.101
-0.097
-0.091
-0.098
-0.117
-0.116
-0.100
-0.100
-0.112
-0.117
-0.107
-0.104
-0.111
-0.108
-0.106
-0.104
-0.108
-0.108
-0.103
-0.111
-0.113
-0.102
-0.095
-0.098
-0.097
-0.078
-0.067
-0.077
-0.075
-0.062
-0.060
-0.073
-0.078
-0.069
-0.071
-0.083
-0.081
-0.065
-0.070
-0.082
-0.082
-0.072
-0.077
-0.079
-0.070
-0.070
-0.074
-0.076
-0.071
-0.061
-0.057
-0.055
-0.054
-0.044
-0.035
-0.041
-0.036
-0.031
-0.028
-0.032
-0.032
-0.040
-0.042
-0.043
-0.040
-0.048
-0.047
-0.044
-0.050
-0.055
-0.052
-0.048
-0.044
-0.059
-0.061
-0.049
-0.054
-0.059
-0.046
-0.029
-0.029
-0.039
-0.022
-0.012
-0.016
-0.021
-0.014
-0.015
-0.016
-0.023
-0.027
-0.026
-0.026
-0.031
-0.028
-0.024
-0.024
-0.024
-0.020
-0.024
-0.020
-0.015
-0.018
-0.016
-0.014
-0.009
0.002
0.013
0.021
0.027
0.040
0.050
0.044
0.043
0.055
0.067
0.058
0.058
0.061
0.059
0.045
0.044
0.048
0.046
0.044
0.038
0.033
0.033
0.028
0.020
0.019
0.017
0.016
0.009
0.008
0.011
0.011
0.016
0.015
0.013
0.020
0.016
0.014
0.018
0.028
0.018
0.014
0.014
0.019
0.016
0.014
0.017
0.027
0.030
0.027
0.022
0.026
0.029
0.028
0.036
0.037
0.035
0.041
0.037
0.042
0.051
0.056
0.062
0.062
0.068
0.074
0.072
0.070
0.077
0.081
0.081
0.082
0.076
0.076
0.076
0.073
0.073
0.075
0.076
0.073
0.063
0.061
0.058
0.059
0.067
0.059
0.050
0.052
0.048
0.047
0.045
0.054
0.061
0.058
0.065
0.067
0.064
0.071
0.074
0.074
0.068
0.077
0.079
0.071
0.066
0.064
0.063
0.065
0.062
0.058
0.054
0.058
0.057
0.054
0.058
0.066
0.069
0.066
0.068
0.081
0.091
0.092
0.098
0.102
0.112
0.114
0.119
0.118
0.123
0.127
0.137
0.138
0.145
0.148
0.145
0.146
0.141
0.141
0.144
0.147
0.151
0.150
0.144
0.139
0.139
0.141
0.140
0.140
0.139
0.139
0.142
0.139
0.139
0.139
0.147
0.148
0.148
0.145
0.144
0.145
0.146
0.144
0.143
0.147
0.150
0.150
0.142
0.136
0.132
0.132
0.132
0.131
0.132
0.134
0.130
0.121
0.111
0.109
0.116
0.115
0.114
0.119
0.113
0.115
0.121
0.125
0.115
0.120
0.127
0.130
0.136
0.139
0.139
0.147
0.158
0.165
0.164
0.175
0.175
0.177
0.181
0.185
0.183
0.186
0.188
0.187
0.188
0.188
0.183
0.181
0.182
0.179
0.174
0.175
0.167
0.160
0.166
0.164
0.157
0.157
0.159
0.158
0.153
0.149
0.140
0.142
0.148
0.142
0.137
0.139
0.136
0.139
0.139
0.144
0.145
0.146
0.149
0.148
0.150
0.152
0.146
0.145
0.143
0.146
0.144
0.142
0.141
0.137
0.138
0.137
0.140
0.148
0.142
0.154
0.156
0.160
0.165
0.163
0.170
0.178
0.174
0.176
0.173
0.183
0.189
0.186
0.191
0.190
0.195
0.205
0.206
0.210
0.209
0.215
0.218
0.219
0.223
0.221
0.216
0.216
0.211
0.208
0.208
0.205
0.196
0.193
0.190
0.189
0.186
0.184
0.180
0.177
0.183
0.181
0.177
0.180
0.178
0.177
0.173
0.173
0.176
0.177
0.176
0.168
0.162
0.166
0.166
0.171
0.172
0.173
0.174
0.177
0.180
0.187
0.191
0.196
0.204
0.211
0.213
0.216
0.217
0.219
0.219
0.218
0.215
0.217
0.219
0.218
0.216
0.215
0.215
0.209
0.207
0.207
0.208
0.213
0.209
0.209
0.209
0.209
0.204
0.202
0.202
0.205
0.200
0.199
0.194
0.194
0.192
0.190
0.184
0.183
0.179
0.177
0.175
0.174
0.174
0.175
0.177
0.175
0.170
0.170
0.167
0.169
0.171
0.173
0.170
0.173
0.175
0.176
0.174
0.172
0.170
0.175
0.178
0.176
0.174
0.173
0.175
0.174
0.171
0.168
0.167
0.170
0.171
0.168
0.165
0.167
0.170
0.172
0.171
0.171
0.173
0.177
0.176
0.176
0.175
0.178
0.178
0.177
0.180
0.179
0.177
0.178
0.173
0.177
0.173
0.173
0.177
0.179
0.180
0.177
0.177
0.177
0.174
0.172
0.172
0.176
0.182
0.183
0.183
0.180
0.179
0.179
0.178
0.174
0.173
0.173
0.181
0.185
0.183
0.178
0.173
0.176
0.179
0.180
0.177
0.174
0.175
0.176
0.170
0.165
0.161
0.163
0.163
0.154
0.153
0.144
0.144
0.141
0.137
0.135
0.128
0.127
0.125
0.124
0.124
0.120
0.117
0.115
0.115
0.115
0.115
0.118
0.114
0.115
0.116
0.111
0.115
0.115
0.114
0.114
0.116
0.116
0.116
0.114
0.113
0.113
0.114
0.114
0.116
0.121
0.119
0.121
0.120
0.119
0.122
0.121
0.122
0.123
0.125
0.127
0.128
0.128
0.127
0.130
0.132
0.132
0.131
0.136
0.135
0.135
0.133
0.133
0.132
0.133
0.134
0.133
0.134
0.136
0.132
0.135
0.135
0.136
0.138
0.134
0.134
0.134
0.135
0.134
0.131
0.134
0.132
0.131
0.129
0.126
0.125
0.124
0.123
0.126
0.123
0.122
0.117
0.115
0.115
0.115
0.113
0.111
0.111
0.114
0.111
0.110
0.107
0.108
0.109
0.106
0.102
0.102
0.100
0.100
0.097
0.093
0.094
0.091
0.093
0.092
0.092
0.090
0.087
0.089
0.086
0.084
0.081
0.079
0.078
0.078
0.077
0.077
0.075
0.074
0.072
0.072
0.071
0.074
0.073
0.073
0.071
0.070
0.071
0.072
0.077
0.075
0.078
0.077
0.076
0.077
0.075
0.080
0.080
0.078
0.078
0.078
0.079
0.076
0.074
0.075
0.075
0.074
0.075
0.073
0.075
0.073
0.071
0.073
0.072
0.070
0.072
0.071
0.072
0.072
0.072
0.074
0.072
0.071
0.071
0.069
0.068
0.068
0.068
0.068
0.069
0.069
0.067
0.065
0.065
0.064
0.063
0.063
0.065
0.064
0.065
0.066
0.066
0.064
0.064
0.064
0.063
0.062
0.064
0.064
0.066
0.065
0.065
0.064
0.061
0.062
0.063
0.063
0.065
0.063
0.064
0.061
0.061
0.062
0.059
0.059
0.059
0.057
0.058
0.055
0.057
0.054
0.054
0.051
0.051
0.048
0.047
0.046
0.047
0.044
0.043
0.041
0.040
0.039
0.038
0.037
0.036
0.034
0.032
0.033
0.033
0.031
0.031
0.032
0.031
0.032
0.029
0.028
0.028
0.026
0.029
0.027
0.025
0.026
0.028
0.030
0.028
0.030
0.029
0.031
0.029
0.031
0.031
0.032
0.031
0.031
0.032
0.033
0.032
0.034
0.033
0.033
0.035
0.031
0.033
0.033
0.033
0.035
0.034
0.034
0.034
0.035
0.034
0.034
0.035
0.035
0.031
0.031
0.031
0.033
0.033
0.030
0.029
0.030
0.031
0.031
0.028
0.027
0.028
0.027
0.026
0.024
0.024
0.024
0.020
0.021
0.019
0.019
0.018
0.017
0.017
0.016
0.015
0.015
0.013
0.012
0.011
0.011
0.011
0.010
0.010
0.010
0.007
0.009
0.008
0.008
0.007
0.006
0.007
0.004
0.003
0.004
0.003
0.004
0.002
0.002
0.001
-0.001
-0.001
0.001
0.003
0.001
-0.001
0.001
0.001
0.000
0.003
-0.001
-0.001
-0.002
-0.002
0.000
-0.003
-0.002
-0.004
-0.002
-0.001
-0.001
-0.003
-0.001
-0.003
-0.003
-0.004
-0.004
-0.005
-0.009
-0.009
-0.010
-0.010
-0.011
-0.012
-0.015
-0.016
-0.019
-0.019
-0.021
-0.022
-0.022
-0.022
-0.022
-0.023
-0.022
-0.022
-0.021
-0.020
-0.020
-0.018
-0.018
-0.013
-0.012
-0.010
-0.010
-0.009
-0.010
-0.007
-0.008
-0.004
-0.003
-0.002
-0.002
0.001
0.000
0.000
0.001
0.003
0.004
0.007
0.005
0.005
0.005
0.006
0.008
0.008
0.007
0.008
0.008
0.008
0.007
0.006
0.005
0.006
0.006
0.006
0.007
0.008
0.005
0.006
0.005
0.004
0.004
0.003
0.003
0.000
0.002
0.001
0.000
-0.001
-0.003
0.000
0.000
0.000
-0.001
-0.003
-0.001
-0.003
-0.002
-0.005
-0.004
-0.006
-0.007
-0.006
-0.005
-0.005
-0.005
-0.007
-0.007
-0.010
-0.009
-0.012
-0.008
-0.009
-0.011
-0.014
-0.014
-0.014
-0.010
-0.014
-0.011
-0.015
-0.016
-0.015
-0.014
-0.017
-0.013
-0.018
-0.017
-0.019
-0.017
-0.018
-0.018
-0.019
-0.017
-0.019
-0.016
-0.019
-0.016
-0.015
-0.014
-0.015
-0.013
-0.013
-0.013
Z加速度資料
Z Acc Data:4091
1.011
1.001
1.003
1.005
1.000
0.999
0.996
0.995
0.999
0.989
0.992
0.994
0.986
0.988
0.983
0.982
0.989
0.977
0.983
0.985
0.976
0.978
0.978
0.978
0.976
0.969
0.983
0.983
0.972
0.983
0.977
0.979
0.982
0.974
0.979
0.981
0.982
0.988
0.984
0.990
0.990
0.989
0.995
0.991
0.999
1.001
0.990
1.004
1.002
1.001
1.010
1.003
1.011
1.009
1.005
1.016
1.013
1.011
1.019
1.014
1.014
1.022
1.020
1.020
1.019
1.020
1.019
1.022
1.026
1.016
1.021
1.023
1.018
1.024
1.018
1.015
1.025
1.013
1.016
1.022
1.007
1.013
1.015
1.008
1.015
1.008
1.007
1.009
1.003
1.008
0.997
1.000
1.003
0.998
0.995
0.991
0.992
0.992
0.985
0.993
0.990
0.986
0.983
0.975
0.975
0.974
0.971
0.968
0.969
0.972
0.970
0.974
0.975
0.973
0.974
0.977
0.972
0.972
0.979
0.980
0.980
0.985
0.987
0.989
0.991
0.989
0.993
0.994
0.995
1.002
1.000
1.002
1.004
1.002
1.006
1.008
1.007
1.014
1.015
1.014
1.017
1.015
1.019
1.021
1.017
1.021
1.020
1.021
1.027
1.022
1.022
1.022
1.021
1.027
1.026
1.022
1.023
1.023
1.024
1.024
1.024
1.023
1.021
1.023
1.023
1.018
1.015
1.013
1.012
1.012
1.006
1.001
1.000
0.998
1.001
0.993
0.992
0.990
0.986
0.990
0.983
0.982
0.989
0.975
0.977
0.978
0.972
0.976
0.974
0.967
0.977
0.972
0.973
0.980
0.971
0.976
0.978
0.970
0.977
0.976
0.976
0.982
0.980
0.986
0.989
0.982
0.990
0.989
0.985
0.990
0.988
0.990
0.993
0.994
0.999
0.999
0.998
1.001
0.999
1.001
1.003
1.004
1.008
1.011
1.009
1.011
1.011
1.010
1.014
1.017
1.019
1.018
1.024
1.021
1.023
1.019
1.021
1.022
1.018
1.027
1.024
1.021
1.018
1.018
1.030
1.024
1.020
1.017
1.014
1.021
1.013
1.010
1.018
1.012
1.012
1.007
1.000
1.008
1.000
0.999
0.993
0.997
0.997
1.000
1.001
0.994
0.995
0.994
0.988
0.988
0.987
0.985
0.990
0.989
0.987
0.986
0.990
0.984
0.979
0.981
0.975
0.979
0.980
0.983
0.976
0.975
0.979
0.984
0.980
0.987
0.981
0.976
0.984
0.979
0.990
0.980
0.977
0.980
0.987
0.988
0.989
0.992
0.992
1.001
0.996
1.006
1.003
1.001
0.999
1.007
1.006
1.005
1.012
1.012
1.018
1.017
1.022
1.012
1.014
1.023
1.016
1.019
1.023
1.029
1.024
1.021
1.020
1.022
1.019
1.018
1.018
1.015
1.023
1.017
1.010
1.015
1.008
1.014
1.010
1.009
1.010
0.996
1.003
1.002
1.000
0.998
0.996
1.005
1.002
0.998
0.993
0.990
0.984
0.985
0.991
0.989
0.991
0.988
0.991
0.980
0.973
0.982
0.981
0.981
0.978
0.985
0.978
0.975
0.980
0.976
0.983
0.976
0.988
0.992
0.981
0.985
0.981
0.986
0.984
0.984
0.992
0.990
0.998
0.990
0.991
0.994
0.986
1.005
0.999
1.006
1.010
0.999
1.013
1.005
1.009
1.015
1.008
1.022
1.022
1.017
1.021
1.014
1.017
1.017
1.013
1.024
1.023
1.017
1.024
1.013
1.021
1.017
1.008
1.020
1.006
1.018
1.024
1.002
1.021
1.004
1.004
1.013
0.991
1.012
0.999
0.990
1.010
0.989
1.004
1.003
0.979
1.010
0.996
0.985
1.004
0.981
0.991
0.993
0.979
0.997
0.988
0.990
0.990
0.971
0.990
0.976
0.975
0.990
0.972
0.986
0.986
0.971
0.988
0.981
0.975
0.989
0.987
0.988
0.995
0.988
0.985
0.984
0.977
0.990
0.993
0.994
1.008
0.989
1.000
0.997
0.986
1.005
0.999
1.007
1.021
1.014
1.009
1.010
1.006
1.013
1.023
1.016
1.026
1.017
1.013
1.015
1.002
1.021
1.015
1.017
1.027
1.012
1.023
1.017
1.008
1.020
1.008
1.011
1.021
1.017
1.026
1.010
0.999
1.014
0.998
1.015
1.008
1.001
1.022
0.993
1.000
1.003
0.989
1.012
0.988
1.000
1.009
0.993
1.005
0.993
0.989
0.999
0.984
0.990
0.993
0.980
0.994
0.988
0.977
0.986
0.976
0.988
0.986
0.968
0.986
0.980
0.986
0.981
0.964
0.988
0.984
0.991
0.998
0.980
0.991
0.982
0.978
0.986
0.991
0.998
0.996
0.999
1.000
0.997
0.986
0.983
0.999
1.004
1.016
1.008
1.006
1.018
1.002
1.011
1.003
1.002
1.029
1.016
1.015
1.012
1.019
1.024
1.008
1.015
1.004
1.009
1.024
1.017
1.022
1.013
1.010
1.001
1.002
1.020
1.023
1.024
1.018
1.007
1.009
1.005
1.010
1.005
1.005
1.010
1.003
1.009
1.002
1.001
1.005
0.988
0.992
0.988
0.993
1.011
0.997
0.999
0.995
0.981
0.996
0.988
0.986
0.997
0.988
0.987
0.986
0.981
0.974
0.975
0.975
0.972
0.980
0.980
0.984
0.987
0.978
0.978
0.981
0.984
0.979
0.994
0.997
0.990
0.992
0.982
0.986
0.980
0.990
1.009
0.993
1.010
0.994
0.992
1.011
0.987
0.996
1.008
1.016
1.023
1.002
1.008
1.005
1.024
1.019
1.007
1.011
1.008
1.021
1.018
1.023
1.016
1.009
0.995
1.005
1.012
1.008
1.026
1.025
1.031
1.028
1.021
1.002
1.006
1.014
1.005
1.003
1.018
1.026
1.016
1.005
0.994
0.982
0.989
0.999
0.989
1.015
1.028
1.007
1.006
0.985
0.980
0.982
0.983
0.998
0.990
1.005
0.991
0.985
0.973
0.954
0.962
0.973
0.990
0.993
0.993
0.993
0.977
0.981
0.977
0.968
0.978
0.995
1.003
1.011
1.008
0.975
0.970
0.978
0.982
0.986
0.974
0.995
1.020
1.015
1.008
0.984
0.992
0.999
0.999
1.014
1.011
1.020
1.018
0.995
0.994
0.991
1.002
1.006
1.009
1.026
1.015
1.014
1.019
1.001
1.005
1.011
1.010
1.017
1.029
1.022
1.014
1.018
1.013
1.013
1.015
1.002
1.005
1.013
1.011
1.020
1.025
1.008
1.000
1.003
1.016
1.010
1.010
1.012
0.989
1.013
1.002
0.985
1.005
1.000
1.005
0.989
0.982
0.985
0.988
1.002
0.987
0.964
0.990
0.987
0.987
0.999
0.982
0.981
0.987
0.979
0.978
0.995
0.995
0.983
0.989
0.987
0.985
0.996
0.983
0.974
0.984
0.998
1.002
1.000
1.003
0.981
0.984
0.997
0.971
0.986
1.004
1.000
1.015
1.012
0.982
0.995
1.001
0.984
0.985
0.989
1.006
1.015
1.017
1.011
0.980
0.991
1.006
0.997
1.011
1.004
1.014
1.035
1.020
1.017
1.000
1.008
1.020
1.004
1.014
1.019
1.038
1.044
1.015
1.001
0.993
1.005
1.002
0.997
1.014
1.021
1.030
1.020
1.009
1.000
0.983
0.994
1.003
1.002
1.002
0.994
1.002
0.994
0.980
0.971
0.968
0.987
1.001
1.007
0.999
0.987
1.001
1.007
0.987
0.977
0.988
1.010
1.029
1.011
0.994
0.981
0.986
0.993
0.974
0.984
1.006
1.016
1.014
1.002
0.980
0.990
1.006
0.989
1.000
1.009
1.012
1.005
0.996
0.984
0.961
0.977
0.986
1.009
1.008
1.001
0.994
0.998
0.997
0.988
1.007
1.014
1.024
1.034
1.016
1.002
1.007
0.989
1.005
1.014
1.018
1.030
1.037
1.021
1.000
0.990
0.989
0.994
1.011
1.010
1.006
1.022
1.014
0.979
0.971
0.979
0.987
1.001
1.002
0.987
0.988
0.982
0.972
0.970
0.984
0.982
0.983
0.992
0.987
0.977
0.975
0.984
0.996
1.004
0.999
0.997
0.995
0.986
0.980
0.986
0.991
1.006
1.005
1.004
0.992
0.998
1.003
0.993
0.993
1.008
0.999
0.996
0.988
0.991
1.007
1.015
1.014
1.016
0.999
0.993
0.998
1.005
1.007
1.015
1.027
1.018
1.009
1.010
1.010
1.008
1.016
1.023
1.031
1.032
1.033
1.025
1.022
1.030
1.032
1.034
1.025
1.016
1.008
1.023
1.026
1.020
1.023
1.015
1.008
0.999
0.988
0.979
0.987
1.003
1.001
0.985
0.987
0.971
0.978
0.981
0.959
0.970
0.977
0.972
0.969
0.963
0.968
0.980
0.986
0.962
0.949
0.957
0.964
0.964
0.982
0.985
0.983
0.990
0.967
0.966
0.982
0.977
0.994
1.002
0.978
0.973
0.971
0.985
0.997
0.994
0.994
0.991
0.991
0.997
0.988
1.001
1.012
1.017
1.016
1.003
0.987
1.003
1.033
1.035
1.023
1.037
1.046
1.030
1.030
1.028
1.031
1.054
1.054
1.036
1.041
1.041
1.049
1.053
1.045
1.054
1.057
1.056
1.038
1.027
1.034
1.033
1.028
1.026
1.014
1.003
1.017
1.014
1.000
0.998
0.989
0.992
0.991
0.983
0.972
0.962
0.964
0.968
0.961
0.960
0.970
0.973
0.958
0.944
0.946
0.960
0.976
0.951
0.948
0.959
0.953
0.938
0.935
0.952
0.984
0.980
0.954
0.947
0.957
0.966
0.962
0.970
0.975
0.968
0.965
0.960
0.958
0.971
1.001
1.006
0.999
0.989
0.970
0.982
1.009
1.024
1.026
1.022
1.017
0.995
0.999
1.023
1.063
1.086
1.065
1.041
1.039
1.041
1.049
1.071
1.082
1.082
1.059
1.038
1.036
1.039
1.065
1.088
1.078
1.063
1.036
1.016
1.021
1.039
1.058
1.044
1.016
0.992
0.991
0.995
0.997
1.008
1.005
1.001
0.971
0.947
0.959
0.979
0.983
0.977
0.958
0.955
0.956
0.938
0.956
0.983
0.990
0.963
0.933
0.930
0.952
0.976
0.965
0.947
0.953
0.960
0.945
0.938
0.960
0.997
0.985
0.953
0.951
0.955
0.969
0.972
0.987
0.989
0.974
0.953
0.959
0.983
0.995
1.008
1.011
1.010
0.992
0.970
1.002
1.031
1.042
1.042
1.011
1.006
1.016
1.022
1.045
1.067
1.083
1.064
1.037
1.025
1.032
1.063
1.091
1.066
1.039
1.016
1.029
1.038
1.030
1.058
1.060
1.050
1.013
0.969
1.001
1.037
1.032
1.022
0.993
0.985
0.972
0.958
0.987
1.013
1.026
0.995
0.965
0.956
0.969
0.983
0.994
1.011
1.003
0.969
0.934
0.950
0.981
1.003
1.010
1.001
0.984
0.954
0.937
0.957
0.997
1.030
1.009
0.962
0.956
0.965
0.977
0.987
0.999
1.020
0.992
0.957
0.944
0.961
0.992
1.001
1.008
0.992
0.957
0.937
0.953
0.996
1.027
1.034
1.013
0.989
0.975
0.967
0.975
1.021
1.061
1.052
1.013
0.977
0.973
1.006
1.038
1.035
1.039
1.033
1.017
0.992
0.974
1.009
1.060
1.062
1.039
0.995
0.962
0.978
0.992
1.001
1.035
1.031
1.017
0.998
0.952
0.960
0.986
1.021
1.049
1.013
0.978
0.958
0.962
1.007
1.024
1.021
1.028
1.018
0.993
0.970
0.991
1.037
1.054
1.032
1.003
1.010
1.019
1.000
0.997
1.029
1.059
1.054
1.007
0.981
0.993
0.998
1.003
0.993
1.010
1.032
1.007
0.968
0.962
0.982
1.006
1.032
0.991
0.956
0.948
0.956
0.993
1.003
0.981
0.982
0.988
0.985
0.967
0.959
0.991
1.014
0.996
0.970
0.960
0.976
1.012
0.995
0.967
0.965
0.972
0.992
0.998
0.981
0.974
0.980
0.978
0.965
0.945
0.961
0.987
0.996
0.976
0.956
0.979
0.990
0.987
0.972
0.963
1.007
1.022
0.982
0.978
0.995
1.020
1.020
1.011
1.028
1.036
1.023
1.003
1.001
1.035
1.056
1.061
1.063
1.062
1.058
1.046
1.035
1.028
1.047
1.074
1.082
1.067
1.027
0.990
1.016
1.049
1.067
1.064
1.027
1.013
1.004
0.996
0.994
1.014
1.038
1.041
1.007
0.964
0.953
0.978
1.017
1.036
1.011
0.974
0.964
0.964
0.985
0.981
0.968
0.975
0.971
0.970
0.973
0.964
0.956
0.950
0.939
0.954
0.972
0.964
0.946
0.939
0.950
0.969
0.969
0.937
0.926
0.946
0.959
0.964
0.935
0.919
0.944
0.983
1.001
0.986
0.972
0.976
0.975
0.972
0.977
0.980
1.013
1.027
1.002
0.983
0.987
1.009
1.051
1.060
1.051
1.038
1.024
1.031
1.041
1.040
1.041
1.043
1.048
1.060
1.053
1.045
1.033
1.036
1.065
1.075
1.059
1.034
1.021
1.025
1.032
1.053
1.060
1.059
1.053
1.025
1.011
1.006
1.008
1.032
1.048
1.032
1.012
0.996
0.995
1.010
1.017
1.015
1.006
0.993
0.971
0.972
0.969
0.970
0.975
0.957
0.956
0.958
0.949
0.958
0.959
0.957
0.958
0.955
0.953
0.932
0.935
0.959
0.965
0.958
0.941
0.928
0.950
0.995
1.003
0.973
0.955
0.936
0.934
0.975
1.005
1.012
1.013
0.992
0.951
0.947
0.988
1.034
1.053
1.024
0.962
0.945
0.983
1.028
1.043
1.043
1.032
0.996
0.980
0.987
1.008
1.052
1.076
1.032
0.990
0.985
1.009
1.047
1.057
1.042
1.029
1.034
1.042
1.033
1.043
1.058
1.064
1.051
1.032
1.022
1.030
1.066
1.055
1.021
1.025
1.020
1.023
1.022
1.018
1.023
1.013
0.990
0.986
0.992
1.018
1.015
0.981
0.974
0.959
0.956
0.990
0.989
0.976
0.977
0.967
0.965
0.972
0.970
0.969
0.983
0.990
0.977
0.980
0.974
0.976
0.986
0.971
0.980
0.992
0.988
0.980
0.975
0.984
0.997
0.993
0.991
0.992
0.984
0.971
0.970
0.971
0.981
0.986
0.967
0.966
0.969
0.971
0.973
0.965
0.973
0.990
0.995
0.986
0.984
0.985
0.996
1.001
1.000
0.994
0.996
1.007
1.020
1.015
1.014
1.024
1.016
1.031
1.048
1.032
1.024
1.029
1.036
1.042
1.035
1.028
1.025
1.015
1.012
1.023
1.021
1.019
1.020
1.017
1.020
1.028
1.008
1.000
1.006
0.998
1.002
1.015
1.002
0.992
1.001
1.002
1.007
1.026
1.020
1.003
1.016
1.026
1.019
1.016
1.022
1.024
1.015
1.015
1.010
1.008
1.025
1.024
1.005
1.004
1.008
1.005
1.009
1.005
0.988
0.993
0.998
0.988
0.978
0.982
0.986
0.968
0.958
0.951
0.950
0.968
0.962
0.947
0.950
0.960
0.958
0.965
0.967
0.963
0.974
0.962
0.952
0.967
0.976
0.980
0.978
0.971
0.984
0.999
0.996
0.987
0.989
1.009
1.011
0.985
0.980
0.993
1.001
1.001
0.993
0.982
0.997
1.017
1.003
0.985
0.989
0.998
1.012
1.008
0.989
0.998
1.003
1.012
1.015
1.003
1.016
1.015
1.011
1.030
1.019
1.025
1.042
1.024
1.034
1.043
1.044
1.056
1.047
1.040
1.040
1.052
1.053
1.043
1.031
1.030
1.039
1.033
1.035
1.036
1.029
1.032
1.022
1.007
1.017
1.022
1.005
1.004
0.995
0.979
0.993
0.989
0.984
0.997
0.987
0.983
0.977
0.971
0.984
0.975
0.974
0.976
0.965
0.971
0.979
0.975
0.976
0.976
0.973
0.978
0.982
0.976
0.972
0.974
0.974
0.967
0.971
0.976
0.982
0.974
0.962
0.969
0.967
0.969
0.967
0.963
0.969
0.972
0.965
0.969
0.973
0.973
0.983
0.978
0.979
0.988
0.986
0.988
0.990
0.993
0.997
1.003
1.011
1.010
1.007
1.018
1.024
1.028
1.033
1.029
1.031
1.029
1.028
1.026
1.026
1.035
1.039
1.039
1.036
1.035
1.034
1.037
1.025
1.026
1.026
1.021
1.032
1.020
1.016
1.029
1.015
1.019
1.026
1.011
1.021
1.014
1.005
1.018
1.006
1.012
1.022
1.009
1.008
1.007
1.006
1.012
1.008
1.005
1.008
1.005
1.004
0.997
0.994
0.998
0.995
0.988
0.989
0.993
0.993
0.985
0.982
0.977
0.978
0.977
0.968
0.974
0.972
0.967
0.969
0.963
0.969
0.974
0.969
0.968
0.966
0.965
0.972
0.975
0.970
0.978
0.978
0.979
0.985
0.981
0.981
0.988
0.989
0.992
0.998
0.996
1.001
1.000
0.990
1.000
1.001
0.998
1.007
1.002
1.003
1.004
1.004
1.009
1.008
1.008
1.012
1.009
1.006
1.012
1.010
1.004
1.018
1.017
1.017
1.022
1.008
1.015
1.030
1.022
1.021
1.026
1.029
1.033
1.020
1.024
1.033
1.026
1.029
1.028
1.024
1.031
1.029
1.019
1.018
1.022
1.018
1.015
1.017
1.005
1.009
1.011
1.002
1.007
1.005
0.993
0.993
0.994
0.989
0.988
0.987
0.986
0.989
0.980
0.984
0.982
0.977
0.982
0.975
0.977
0.990
0.978
0.976
0.982
0.974
0.984
0.983
0.968
0.985
0.982
0.975
0.979
0.976
0.989
0.986
0.976
0.978
0.977
0.975
0.975
0.980
0.975
0.980
0.984
0.976
0.981
0.988
0.983
0.987
0.990
0.986
0.995
0.991
0.993
1.000
0.994
0.997
1.004
1.003
1.010
1.005
1.013
1.020
1.015
1.024
1.015
1.015
1.025
1.020
1.020
1.021
1.026
1.029
1.026
1.022
1.031
1.030
1.023
1.020
1.020
1.021
1.025
1.021
1.013
1.023
1.018
1.014
1.017
1.014
1.015
1.013
1.010
1.005
1.007
1.007
1.006
1.008
1.006
1.001
1.005
1.001
1.001
1.001
0.996
1.005
0.999
0.989
0.996
0.992
0.990
0.995
0.985
0.990
0.996
0.983
0.987
0.985
0.979
0.979
0.972
0.974
0.975
0.981
0.974
0.970
0.978
0.976
0.973
0.974
0.978
0.978
0.970
0.979
0.981
0.984
0.981
0.972
0.995
0.996
0.975
0.982
0.985
0.992
0.999
1.000
0.988
0.997
1.011
0.992
0.997
1.017
1.006
1.003
1.002
1.004
1.010
1.017
1.017
1.004
1.005
1.017
1.009
1.008
1.020
1.012
1.007
1.020
1.011
1.006
1.021
1.016
1.012
1.013
1.015
1.020
1.021
1.026
1.020
1.017
1.027
1.019
1.011
1.025
1.023
1.019
1.016
1.018
1.017
1.013
1.022
1.012
1.009
1.014
1.002
1.006
1.004
1.003
1.011
1.003
0.996
0.994
0.985
0.984
0.985
0.989
0.992
0.982
0.979
0.988
0.981
0.975
0.980
0.978
0.978
0.980
0.974
0.980
0.986
0.985
0.982
0.975
0.982
0.981
0.981
0.980
0.982
0.982
0.983
0.979
0.980
0.989
0.984
0.984
0.986
0.981
0.988
0.997
0.981
0.993
0.994
0.987
0.992
0.991
0.992
0.991
1.001
0.996
0.997
1.008
1.000
1.004
1.004
0.998
1.008
1.009
1.011
1.021
1.017
1.024
1.024
1.022
1.026
1.019
1.018
1.023
1.022
1.014
1.025
1.024
1.021
1.023
1.020
1.024
1.025
1.018
1.015
1.019
1.017
1.019
1.012
1.008
1.013
1.005
1.007
1.011
1.001
1.007
1.018
1.004
0.999
1.001
1.000
0.998
0.994
0.995
0.997
0.991
0.987
0.998
0.993
0.990
0.993
0.982
0.987
0.987
0.983
0.990
0.986
0.986
0.991
0.982
0.977
0.980
0.981
0.979
0.979
0.974
0.975
0.981
0.979
0.987
0.985
0.975
0.981
0.977
0.979
0.983
0.976
0.989
0.988
0.980
0.987
0.991
0.990
0.989
0.994
0.997
1.003
0.999
1.000
1.007
1.005
1.011
1.010
1.005
1.011
1.008
1.001
1.012
1.007
1.008
1.018
1.006
1.009
1.016
1.015
1.011
1.007
1.011
1.020
1.017
1.017
1.018
1.015
1.016
1.007
1.013
1.015
1.018
1.018
1.014
1.019
1.019
1.014
1.017
1.008
1.010
1.017
1.008
1.010
1.006
1.005
1.014
1.007
1.011
1.005
0.995
1.001
0.997
1.000
1.003
0.991
0.997
0.990
0.987
0.989
0.989
0.986
0.974
0.986
0.987
0.983
1.001
0.983
0.977
0.980
0.973
0.988
0.984
0.976
0.985
0.980
0.984
0.983
0.977
0.990
0.991
0.990
0.983
0.973
0.983
0.993
0.998
0.994
0.981
0.986
0.993
0.993
0.988
0.988
0.996
0.992
0.997
0.995
0.984
0.998
1.002
0.986
0.991
0.998
1.004
1.008
1.000
1.001
1.020
1.021
1.010
1.008
1.010
1.023
1.017
1.015
1.032
1.031
1.028
1.021
1.008
1.021
1.031
1.015
1.008
1.010
1.016
1.032
1.026
1.016
1.021
1.013
1.012
1.011
1.006
1.015
1.016
1.016
1.006
0.995
1.008
1.019
1.005
0.993
1.005
1.004
0.997
1.009
1.005
0.985
0.995
1.001
0.982
0.987
0.990
0.988
0.997
0.998
0.986
0.985
1.003
0.983
0.966
0.988
0.984
0.970
0.989
0.987
0.969
0.996
1.001
0.965
0.966
0.980
0.970
0.982
0.990
0.969
0.978
0.990
0.981
0.984
0.990
0.980
0.974
0.974
0.982
0.979
0.984
1.003
0.989
0.984
0.995
0.992
1.005
1.021
1.008
1.006
0.997
0.986
1.004
1.020
1.022
1.008
0.995
0.992
1.009
1.034
1.031
1.017
1.000
0.994
1.009
1.022
1.033
1.023
1.003
1.008
1.017
1.022
1.038
1.032
1.016
1.007
1.001
1.005
1.029
1.032
1.018
1.013
1.004
1.009
1.015
1.017
1.018
1.011
1.000
0.996
0.992
1.012
1.029
1.011
1.002
1.015
1.013
1.002
0.995
0.988
1.003
1.014
0.994
0.977
0.977
0.990
0.998
0.990
0.980
0.966
0.981
0.993
0.971
0.959
0.971
0.988
0.990
0.974
0.961
0.973
1.004
0.996
0.963
0.955
0.976
1.003
1.003
0.972
0.972
0.993
1.009
1.002
0.974
0.987
1.022
1.022
0.992
0.977
0.977
0.997
1.011
1.012
1.019
1.005
0.998
1.002
0.992
1.006
1.033
1.033
1.010
0.983
0.980
1.002
1.021
1.029
1.019
1.014
1.007
0.989
0.979
1.006
1.040
1.028
1.001
0.979
0.970
1.008
1.044
1.032
1.017
0.993
0.976
0.994
1.012
1.020
1.017
1.016
1.011
0.990
0.987
1.014
1.038
1.040
1.006
0.980
0.977
0.998
1.014
1.006
1.003
0.999
0.970
0.967
0.986
0.998
1.019
1.018
0.990
0.956
0.939
0.964
0.997
1.019
1.012
0.959
0.942
0.971
0.994
1.020
1.007
0.994
0.983
0.964
0.970
0.989
1.004
1.012
1.011
1.003
0.975
0.967
0.997
1.025
1.037
1.013
0.970
0.980
1.016
1.044
1.042
0.993
0.979
0.991
1.025
1.056
1.029
0.997
0.985
0.993
1.015
1.007
0.982
0.994
1.018
1.011
0.997
0.968
0.978
1.027
1.034
0.993
0.957
0.981
1.020
1.032
1.019
0.991
0.982
1.011
1.023
1.028
1.010
1.000
0.991
1.000
1.023
1.018
1.018
1.017
1.006
0.991
0.983
0.988
1.010
1.008
0.996
0.988
0.983
0.980
0.967
0.959
0.994
1.030
1.002
0.960
0.932
0.950
0.995
1.000
0.970
0.953
0.972
0.976
0.962
0.959
0.995
1.028
1.030
0.999
0.964
0.982
1.013
1.015
1.009
1.023
1.025
1.022
1.002
0.990
1.030
1.058
1.030
0.976
0.968
1.009
1.043
1.023
0.990
0.978
0.983
0.985
0.985
0.997
1.015
1.010
0.970
0.942
0.939
0.967
0.997
1.012
1.013
1.000
0.992
0.975
0.972
1.007
1.045
1.062
1.025
0.994
1.003
1.012
1.020
1.024
1.038
1.071
1.073
1.047
1.019
0.988
0.996
1.013
1.043
1.055
1.034
1.015
0.989
0.954
0.958
1.004
1.027
1.030
1.017
0.982
0.968
0.949
0.940
0.965
1.015
1.029
0.999
0.968
0.954
0.959
0.956
0.952
0.990
1.050
1.059
1.014
0.955
0.944
0.970
1.004
1.041
1.065
1.043
0.998
0.954
0.922
0.947
0.982
1.028
1.066
1.026
0.968
0.931
0.926
0.931
0.954
0.992
1.006
1.001
0.953
0.897
0.888
0.921
0.973
1.018
1.037
1.011
0.959
0.940
0.940
0.974
1.032
1.048
1.056
1.033
0.999
0.985
0.992
1.037
1.075
1.068
1.072
1.065
1.026
1.026
1.036
1.047
1.056
1.046
1.065
1.060
1.019
1.019
1.026
1.032
1.016
0.991
1.010
1.012
1.002
0.991
1.001
1.023
0.994
0.954
0.988
1.038
1.036
1.021
1.005
0.995
0.967
0.947
0.998
1.047
1.050
1.021
0.981
0.961
0.961
0.984
1.023
1.055
1.040
0.987
0.933
0.916
0.945
0.981
1.004
1.017
0.980
0.928
0.891
0.900
0.948
0.978
0.997
0.990
0.940
0.887
0.875
0.923
0.981
1.012
0.999
0.969
0.946
0.933
0.948
1.005
1.055
1.061
1.033
0.986
0.957
0.975
1.017
1.076
1.094
1.079
1.043
1.001
1.001
1.018
1.052
1.111
1.118
1.060
0.990
0.974
1.020
1.039
1.034
1.041
1.059
1.047
0.986
0.954
1.001
1.050
1.039
1.017
0.997
1.002
0.990
0.973
1.002
1.022
1.025
1.018
1.003
1.007
1.001
1.010
1.027
1.011
0.995
0.987
0.994
1.003
0.992
0.979
0.984
0.997
0.980
0.959
0.963
0.985
0.988
0.953
0.929
0.932
0.948
0.944
0.937
0.952
0.960
0.949
0.945
0.953
0.948
0.959
0.970
0.956
0.945
0.944
0.968
0.999
0.992
0.989
1.003
1.017
1.016
1.005
1.021
1.053
1.053
1.042
1.024
1.018
1.020
1.038
1.052
1.049
1.052
1.045
1.035
1.043
1.032
1.022
1.037
1.041
1.029
1.012
1.001
1.022
1.023
1.014
1.010
1.019
1.026
1.012
0.990
1.007
1.024
1.014
0.990
0.994
1.005
1.021
1.018
1.008
1.012
1.008
1.003
0.997
1.015
1.015
1.008
1.011
0.996
0.983
0.965
0.980
0.989
0.982
0.977
0.959
0.969
0.969
0.936
0.939
0.957
0.961
0.959
0.946
0.933
0.940
0.961
0.954
0.964
0.985
0.974
0.965
0.982
0.976
0.974
0.998
1.001
0.999
0.996
1.001
1.022
1.020
1.027
1.036
1.047
1.045
1.020
1.026
1.044
1.039
1.036
1.031
1.024
1.027
1.014
1.006
1.018
1.035
1.030
1.011
1.000
1.002
0.995
0.996
0.998
1.011
1.015
0.996
0.981
1.000
1.002
1.005
1.006
0.999
1.004
1.008
0.997
0.993
1.007
1.018
1.019
1.008
1.006
1.002
1.010
1.017
1.015
1.018
1.001
0.994
0.984
0.973
0.991
0.992
0.985
0.981
0.975
0.971
0.964
0.965
0.976
0.984
0.978
0.967
0.953
0.963
0.969
0.972
0.989
0.986
0.989
0.983
0.972
0.982
1.001
1.016
1.026
1.016
1.004
1.004
1.004
1.021
1.027
1.032
1.038
1.030
1.021
1.020
1.012
1.034
1.032
1.027
1.022
1.003
0.993
0.992
0.993
1.000
1.006
1.003
0.994
0.983
0.970
0.976
0.989
0.995
0.994
0.992
0.989
0.981
0.981
0.985
0.982
1.004
1.020
0.996
0.999
0.998
1.009
1.012
1.012
1.011
1.015
1.011
1.004
1.004
1.012
1.019
1.004
1.016
1.013
1.004
1.001
0.989
0.991
1.011
0.992
0.986
0.982
0.976
0.984
0.979
0.980
0.980
0.997
1.006
0.993
0.975
0.987
0.998
1.007
1.003
0.987
1.001
1.008
1.010
1.006
0.998
1.010
1.033
1.024
1.021
1.022
1.021
1.026
1.016
1.008
0.997
1.011
1.026
1.004
1.006
1.014
0.993
0.982
0.996
0.976
0.969
0.987
0.986
0.986
0.968
0.959
0.957
0.976
0.990
0.976
0.982
0.993
0.987
0.976
0.979
0.976
0.978
1.007
1.008
1.011
1.010
0.994
0.990
1.004
1.014
1.009
1.024
1.021
1.003
1.022
1.021
1.006
1.011
1.021
1.018
1.019
1.015
1.001
1.001
1.027
1.021
0.996
0.996
0.991
1.001
1.003
1.002
1.003
1.001
1.014
0.997
1.005
1.012
0.997
1.023
1.021
1.014
1.031
1.004
0.998
0.997
0.999
1.011
1.021
1.038
1.013
1.000
1.016
1.006
1.011
1.009
1.014
1.015
1.004
1.006
0.973
0.976
0.999
0.981
0.974
0.964
0.966
0.980
0.964
0.964
0.950
0.963
0.988
0.965
0.967
0.973
0.969
0.976
0.975
0.984
0.984
0.979
0.985
0.964
0.966
0.989
0.988
1.000
0.998
0.990
1.010
1.011
1.019
1.010
1.012
1.022
1.017
1.018
1.016
1.028
1.016
1.001
1.001
1.002
1.018
1.017
1.011
1.005
0.999
1.013
1.010
1.024
1.031
1.029
1.027
1.019
1.027
1.020
1.022
1.027
1.013
1.030
1.022
1.011
1.033
1.029
1.017
1.006
1.011
1.025
1.015
1.019
1.027
1.029
1.029
1.008
0.992
1.008
1.005
0.992
0.990
0.993
0.986
0.976
0.959
0.947
0.959
0.982
0.979
0.959
0.956
0.960
0.958
0.969
0.964
0.959
0.970
0.958
0.955
0.957
0.966
0.976
0.979
0.977
0.967
0.964
0.976
0.985
0.990
0.993
0.985
0.997
1.012
1.010
1.004
0.993
1.001
1.013
1.023
1.026
1.015
0.996
1.012
1.015
1.001
0.998
1.005
1.021
1.026
1.019
1.010
1.018
1.039
1.038
1.036
1.033
1.025
1.043
1.039
1.030
1.033
1.031
1.030
1.036
1.032
1.032
1.035
1.038
1.036
1.021
1.020
1.021
1.029
1.034
1.028
1.020
1.023
1.016
1.000
0.991
0.982
0.990
1.002
1.000
0.986
0.958
0.968
0.972
0.971
0.969
0.948
0.960
0.981
0.980
0.980
0.949
0.943
0.954
0.949
0.965
0.955
0.968
0.986
0.970
0.973
0.954
0.957
0.977
0.981
0.986
0.978
0.973
0.978
0.985
0.992
0.990
0.989
0.994
0.995
0.997
0.999
1.000
1.001
0.998
0.996
1.004
1.011
1.012
1.020
1.019
1.009
1.009
1.021
1.021
1.024
1.033
1.038
1.043
1.039
1.027
1.028
1.042
1.041
1.044
1.046
1.043
1.049
1.043
1.038
1.042
1.040
1.033
1.034
1.032
1.029
1.025
1.024
1.020
1.016
1.013
1.009
1.003
1.000
0.998
1.000
0.995
0.987
0.982
0.983
0.984
0.974
0.971
0.973
0.967
0.963
0.958
0.963
0.966
0.971
0.965
0.965
0.972
0.968
0.969
0.964
0.960
0.969
0.968
0.973
0.968
0.962
0.963
0.961
0.975
0.980
0.979
0.980
0.980
0.979
0.975
0.975
0.979
0.988
1.004
1.001
0.995
0.990
0.997
1.001
1.004
1.004
1.000
1.013
1.013
1.014
1.017
1.022
1.025
1.026
1.033
1.038
1.046
1.045
1.040
1.039
1.042
1.042
1.041
1.041
1.040
1.043
1.043
1.044
1.039
1.034
1.033
1.029
1.031
1.028
1.030
1.024
1.010
1.016
1.013
1.016
1.012
1.000
1.003
0.988
0.988
0.993
0.986
0.990
0.986
0.979
0.985
0.979
0.973
0.976
0.977
0.975
0.979
0.979
0.974
0.972
0.975
0.970
0.965
0.969
0.965
0.965
0.965
0.963
0.969
0.967
0.963
0.969
0.969
0.967
0.972
0.970
0.975
0.976
0.971
0.975
0.971
0.977
0.986
0.984
0.989
0.992
0.987
0.997
1.001
1.006
1.014
1.008
1.009
1.015
1.015
1.018
1.027
1.033
1.034
1.034
1.039
1.036
1.034
1.028
1.029
1.039
1.042
1.042
1.042
1.035
1.038
1.035
1.034
1.040
1.033
1.032
1.031
1.027
1.024
1.021
1.016
1.018
1.012
1.012
1.012
1.000
1.003
1.004
1.002
0.999
0.996
0.991
0.993
0.992
0.988
0.987
0.983
0.984
0.983
0.980
0.979
0.973
0.977
0.976
0.972
0.970
0.967
0.963
0.959
0.965
0.965
0.964
0.967
0.969
0.964
0.962
0.967
0.963
0.968
0.969
0.967
0.976
0.969
0.974
0.978
0.972
0.986
0.991
0.990
1.002
0.995
1.000
1.001
0.998
1.005
1.005
1.018
1.024
1.023
1.025
1.022
1.023
1.034
1.032
1.029
1.031
1.032
1.034
1.035
1.037
1.036
1.036
1.036
1.038
1.036
1.030
1.025
1.030
1.029
1.026
1.033
1.028
1.022
1.027
1.018
1.015
1.021
1.008
1.009
1.007
1.003
1.010
1.004
0.999
1.000
0.997
0.993
0.997
0.995
0.993
0.985
0.982
0.987
0.974
0.974
0.978
0.970
0.978
0.976
0.969
0.971
0.965
0.962
0.966
0.960
0.957
0.962
0.962
0.964
0.962
0.968
0.970
0.965
0.972
0.971
0.971
0.980
0.966
0.973
0.982
0.983
0.990
0.989
0.995
1.001
1.000
1.005
1.005
1.008
1.016
1.012
1.015
1.024
1.023
1.025
1.025
1.025
1.032
1.026
1.026
1.036
1.030
1.029
1.034
1.032
1.032
1.034
1.032
1.033
1.030
1.032
1.031
1.032
1.032
1.031
1.030
1.029
1.022
1.024
1.021
1.014
1.015
1.009
1.015
1.014
1.007
1.013
1.004
1.004
1.006
0.994
0.998
0.998
0.990
0.991
0.983
0.983
0.976
0.976
0.977
0.969
0.972
0.974
0.967
0.965
0.965
0.963
0.962
0.961
0.963
0.960
0.967
0.961
0.969
0.965
0.962
0.975
0.968
0.968
0.974
0.974
0.977
0.976
0.983
0.984
0.989
0.990
0.992
0.998
0.994
1.001
1.008
1.007
1.008
1.008
1.013
1.014
1.016
1.013
1.019
1.019
1.017
1.026
1.019
1.025
1.034
1.022
1.032
1.030
1.023
1.029
1.028
1.029
1.030
1.031
1.037
1.030
1.033
1.032
1.022
1.030
1.026
1.023
1.024
1.018
1.023
1.019
1.020
1.014
1.006
1.018
1.013
1.003
1.010
0.998
0.998



