取樣頻率
2000.000
X振動頻率
12.451
Y震動平頻率
0.732
z振動頻率
11.475
X加速度資料
X Acc Data:4354
-0.001
-0.001
-0.001
-0.004
-0.001
-0.001
-0.001
-0.001
0.000
-0.005
-0.002
-0.002
-0.004
0.000
-0.004
-0.002
0.000
-0.002
-0.001
0.000
0.000
-0.003
-0.001
-0.002
-0.001
-0.001
-0.001
0.001
0.001
0.000
0.000
0.000
-0.001
0.000
-0.001
0.000
-0.001
0.000
0.003
-0.002
0.001
0.000
0.001
0.002
0.003
0.001
0.000
0.002
0.001
0.002
0.002
0.000
0.002
0.001
0.002
0.001
0.000
0.002
0.000
0.000
0.000
-0.002
-0.001
0.000
0.001
-0.001
0.001
0.000
-0.001
0.001
-0.001
-0.001
-0.002
-0.001
-0.001
-0.003
0.000
-0.001
0.001
0.000
-0.002
-0.003
-0.001
-0.002
-0.001
-0.002
-0.001
-0.002
-0.002
0.000
-0.002
-0.002
-0.001
-0.003
0.000
-0.001
-0.002
-0.001
-0.001
-0.002
0.000
0.000
-0.003
0.001
0.000
-0.002
0.001
0.000
-0.001
-0.001
0.003
0.000
-0.001
0.001
0.003
0.001
0.004
0.001
0.002
0.001
0.002
0.000
0.002
0.000
0.001
0.001
0.002
-0.001
0.002
0.000
0.003
0.000
0.002
0.002
0.000
0.001
0.003
0.002
0.002
0.002
0.000
0.003
0.000
-0.002
0.002
0.000
0.001
0.001
0.000
-0.003
-0.002
0.000
-0.002
-0.002
0.000
-0.001
0.000
-0.003
-0.003
0.000
-0.002
0.001
-0.001
-0.003
-0.002
-0.003
-0.003
-0.001
-0.001
-0.002
-0.002
-0.003
-0.002
-0.002
-0.002
-0.002
-0.001
-0.001
-0.001
-0.003
0.000
-0.001
-0.001
0.001
-0.001
0.002
-0.001
0.001
0.000
-0.001
0.000
-0.001
0.000
0.002
0.000
0.002
0.003
0.000
0.001
0.001
-0.003
0.003
0.003
0.000
0.003
0.000
0.004
0.003
-0.001
0.004
0.001
0.000
0.003
-0.001
0.000
0.001
-0.001
0.002
0.000
0.000
0.001
0.000
0.000
0.001
0.000
0.000
-0.001
0.000
-0.001
-0.002
0.000
0.000
0.001
0.001
-0.002
0.000
-0.003
-0.003
0.000
-0.002
-0.003
0.000
-0.002
0.000
-0.003
-0.001
0.000
-0.001
-0.002
-0.002
-0.001
-0.001
-0.001
-0.003
-0.002
-0.001
-0.001
-0.001
0.000
0.003
-0.002
0.004
0.000
0.005
0.002
0.003
0.003
0.002
0.004
0.000
0.000
0.001
0.002
-0.002
0.001
-0.006
-0.001
-0.006
-0.002
-0.004
-0.006
-0.004
-0.007
-0.002
-0.002
-0.006
0.000
-0.003
-0.002
0.001
-0.001
0.005
0.001
0.003
0.001
0.003
0.001
0.005
0.004
0.004
0.003
0.007
0.006
0.007
0.007
0.007
0.009
0.007
0.007
0.005
0.008
0.009
0.006
0.010
0.006
0.004
0.010
0.005
0.003
0.006
0.001
0.005
0.002
0.002
0.001
-0.003
0.000
-0.004
-0.003
-0.003
-0.007
-0.007
-0.006
-0.009
-0.007
-0.008
-0.009
-0.008
-0.013
-0.010
-0.010
-0.011
-0.011
-0.015
-0.010
-0.011
-0.011
-0.009
-0.009
-0.010
-0.005
-0.008
-0.005
-0.003
-0.003
-0.001
-0.002
0.002
0.003
-0.001
0.004
0.007
0.006
0.009
0.007
0.008
0.009
0.008
0.009
0.010
0.010
0.010
0.012
0.010
0.010
0.011
0.010
0.008
0.010
0.008
0.007
0.007
0.006
0.002
-0.001
0.000
-0.001
-0.001
-0.005
-0.003
-0.004
-0.004
-0.002
-0.005
-0.001
0.001
0.001
0.006
0.005
0.007
0.008
0.004
0.010
0.010
0.008
0.009
0.010
0.009
0.008
0.006
0.003
0.001
0.000
-0.001
-0.001
0.000
-0.006
-0.005
-0.004
-0.007
-0.002
-0.004
-0.005
-0.002
-0.004
-0.004
-0.002
-0.004
-0.005
-0.005
-0.005
-0.003
-0.004
-0.006
-0.005
-0.008
-0.005
-0.006
-0.010
-0.007
-0.009
-0.008
-0.007
-0.010
-0.010
-0.007
-0.010
-0.009
-0.009
-0.007
-0.008
-0.009
-0.005
-0.007
-0.005
-0.005
-0.008
-0.002
-0.002
-0.004
-0.001
0.000
0.001
0.001
0.004
0.005
0.005
0.007
0.010
0.007
0.011
0.009
0.009
0.015
0.014
0.014
0.015
0.010
0.011
0.012
0.013
0.014
0.012
0.012
0.009
0.009
0.010
0.009
0.006
0.006
0.006
0.005
0.005
0.006
0.006
0.008
0.006
0.005
0.004
0.002
0.004
0.004
0.002
0.002
0.000
0.001
-0.004
-0.007
-0.003
-0.004
-0.004
-0.004
-0.002
-0.004
-0.006
-0.006
-0.005
-0.005
-0.007
-0.006
-0.006
-0.007
-0.008
-0.009
-0.009
-0.010
-0.010
-0.010
-0.011
-0.008
-0.009
-0.010
-0.006
-0.008
-0.009
-0.008
-0.006
-0.003
-0.002
-0.002
-0.002
0.000
0.002
0.005
0.001
0.003
0.003
0.006
0.007
0.008
0.009
0.007
0.009
0.010
0.012
0.012
0.014
0.014
0.017
0.015
0.018
0.018
0.019
0.019
0.019
0.024
0.021
0.023
0.021
0.020
0.021
0.020
0.023
0.019
0.020
0.022
0.017
0.016
0.011
0.013
0.014
0.008
0.007
0.006
0.006
0.004
0.001
-0.001
-0.001
-0.001
0.000
0.003
0.003
0.004
-0.003
0.000
-0.003
-0.001
-0.001
0.000
-0.001
-0.008
-0.006
-0.009
-0.015
-0.014
-0.017
-0.017
-0.018
-0.018
-0.019
-0.016
-0.020
-0.013
-0.016
-0.017
-0.012
-0.011
-0.008
-0.009
-0.005
-0.010
-0.008
-0.009
-0.006
-0.010
-0.010
-0.003
-0.004
-0.006
-0.004
-0.010
-0.007
-0.006
-0.006
-0.005
0.001
0.003
0.000
0.008
0.006
0.007
0.009
0.011
0.009
0.016
0.016
0.013
0.017
0.014
0.013
0.010
0.012
0.009
0.011
0.010
0.014
0.009
0.010
0.015
0.005
0.014
0.014
0.006
0.017
0.015
0.007
0.019
0.012
0.015
0.012
0.009
0.015
0.005
0.010
0.007
-0.006
0.009
-0.007
-0.002
-0.003
-0.008
-0.004
-0.006
-0.006
-0.006
-0.010
-0.005
-0.013
-0.006
-0.007
-0.016
-0.012
-0.020
-0.015
-0.017
-0.017
-0.017
-0.023
-0.017
-0.019
-0.017
-0.019
-0.015
-0.021
-0.015
-0.021
-0.021
-0.022
-0.026
-0.022
-0.034
-0.021
-0.038
-0.024
-0.036
-0.031
-0.028
-0.034
-0.024
-0.030
-0.026
-0.030
-0.021
-0.025
-0.019
-0.019
-0.013
-0.015
-0.006
-0.008
-0.002
0.000
0.007
0.012
0.018
0.020
0.028
0.030
0.036
0.037
0.048
0.045
0.052
0.054
0.057
0.062
0.060
0.059
0.068
0.063
0.072
0.067
0.070
0.066
0.072
0.075
0.070
0.072
0.075
0.068
0.071
0.072
0.064
0.063
0.055
0.052
0.047
0.042
0.036
0.029
0.028
0.013
0.016
0.005
0.002
-0.008
-0.009
-0.016
-0.022
-0.020
-0.030
-0.035
-0.037
-0.044
-0.046
-0.045
-0.046
-0.049
-0.057
-0.048
-0.058
-0.060
-0.047
-0.053
-0.053
-0.045
-0.049
-0.045
-0.040
-0.041
-0.043
-0.040
-0.037
-0.045
-0.030
-0.028
-0.033
-0.029
-0.031
-0.031
-0.031
-0.025
-0.025
-0.028
-0.018
-0.026
-0.028
-0.017
-0.023
-0.026
-0.018
-0.024
-0.027
-0.022
-0.021
-0.025
-0.021
-0.022
-0.026
-0.011
-0.010
-0.008
0.003
0.006
0.002
0.017
0.011
0.016
0.024
0.020
0.024
0.025
0.020
0.027
0.025
0.031
0.031
0.022
0.035
0.034
0.029
0.036
0.040
0.038
0.035
0.039
0.032
0.033
0.032
0.029
0.022
0.022
0.019
0.020
0.024
0.024
0.022
0.021
0.028
0.027
0.033
0.040
0.030
0.039
0.046
0.042
0.048
0.056
0.051
0.057
0.057
0.060
0.063
0.064
0.072
0.061
0.059
0.061
0.047
0.053
0.053
0.043
0.043
0.039
0.036
0.034
0.023
0.024
0.007
0.002
0.001
-0.020
-0.013
-0.026
-0.041
-0.034
-0.051
-0.054
-0.055
-0.065
-0.061
-0.067
-0.066
-0.063
-0.071
-0.063
-0.069
-0.067
-0.066
-0.076
-0.064
-0.076
-0.068
-0.064
-0.070
-0.057
-0.069
-0.062
-0.051
-0.057
-0.041
-0.043
-0.044
-0.033
-0.044
-0.036
-0.048
-0.042
-0.041
-0.052
-0.036
-0.043
-0.041
-0.033
-0.033
-0.029
-0.023
-0.012
-0.012
-0.002
0.009
0.010
0.021
0.021
0.031
0.026
0.040
0.046
0.045
0.064
0.061
0.074
0.077
0.084
0.094
0.098
0.104
0.110
0.104
0.104
0.103
0.096
0.093
0.086
0.077
0.072
0.070
0.071
0.062
0.056
0.052
0.051
0.051
0.048
0.051
0.043
0.047
0.036
0.028
0.032
0.008
0.017
0.005
-0.005
-0.002
-0.010
-0.014
-0.020
-0.015
-0.027
-0.033
-0.030
-0.043
-0.050
-0.056
-0.063
-0.081
-0.082
-0.089
-0.094
-0.094
-0.091
-0.094
-0.094
-0.087
-0.087
-0.076
-0.072
-0.066
-0.064
-0.061
-0.060
-0.062
-0.056
-0.063
-0.054
-0.050
-0.048
-0.036
-0.031
-0.018
-0.013
-0.012
-0.001
0.000
0.006
0.008
0.008
0.007
0.008
0.011
0.004
0.013
0.014
0.017
0.030
0.026
0.041
0.049
0.060
0.066
0.072
0.074
0.083
0.079
0.093
0.096
0.098
0.100
0.093
0.098
0.103
0.097
0.100
0.104
0.088
0.094
0.083
0.079
0.067
0.057
0.048
0.033
0.031
0.017
0.015
-0.002
0.002
-0.015
-0.012
-0.016
-0.026
-0.027
-0.040
-0.052
-0.053
-0.062
-0.064
-0.069
-0.077
-0.078
-0.088
-0.085
-0.084
-0.083
-0.083
-0.083
-0.086
-0.075
-0.080
-0.085
-0.086
-0.087
-0.096
-0.093
-0.101
-0.097
-0.092
-0.092
-0.081
-0.085
-0.072
-0.055
-0.055
-0.047
-0.046
-0.040
-0.021
-0.021
-0.006
0.001
0.010
0.021
0.031
0.042
0.063
0.069
0.077
0.091
0.087
0.107
0.105
0.116
0.122
0.118
0.117
0.122
0.121
0.116
0.115
0.115
0.120
0.115
0.113
0.116
0.114
0.100
0.095
0.084
0.085
0.076
0.067
0.055
0.055
0.035
0.038
0.029
0.021
0.013
0.002
-0.005
-0.018
-0.025
-0.041
-0.046
-0.061
-0.077
-0.082
-0.096
-0.104
-0.120
-0.125
-0.124
-0.131
-0.128
-0.126
-0.127
-0.134
-0.139
-0.141
-0.127
-0.136
-0.127
-0.131
-0.114
-0.107
-0.106
-0.084
-0.078
-0.069
-0.066
-0.060
-0.046
-0.040
-0.032
-0.024
-0.016
-0.007
-0.007
0.006
0.014
0.024
0.033
0.042
0.057
0.061
0.074
0.082
0.087
0.090
0.091
0.100
0.108
0.107
0.113
0.108
0.115
0.118
0.122
0.124
0.121
0.116
0.109
0.098
0.100
0.091
0.087
0.081
0.064
0.059
0.053
0.041
0.030
0.021
0.010
0.007
-0.001
-0.010
-0.018
-0.023
-0.029
-0.035
-0.042
-0.044
-0.050
-0.057
-0.055
-0.062
-0.056
-0.051
-0.052
-0.050
-0.056
-0.059
-0.057
-0.066
-0.066
-0.067
-0.069
-0.063
-0.070
-0.066
-0.068
-0.067
-0.061
-0.060
-0.058
-0.059
-0.052
-0.049
-0.048
-0.040
-0.036
-0.031
-0.024
-0.023
-0.018
-0.013
-0.004
0.008
0.013
0.023
0.030
0.036
0.034
0.041
0.041
0.043
0.047
0.050
0.050
0.049
0.048
0.051
0.048
0.043
0.047
0.043
0.040
0.031
0.027
0.030
0.032
0.026
0.018
0.021
0.025
0.020
0.012
0.014
0.017
0.020
0.008
0.012
0.005
0.000
-0.004
-0.008
-0.010
-0.017
-0.023
-0.026
-0.027
-0.037
-0.043
-0.043
-0.044
-0.044
-0.044
-0.047
-0.044
-0.052
-0.053
-0.049
-0.050
-0.045
-0.044
-0.045
-0.043
-0.041
-0.034
-0.028
-0.023
-0.018
-0.008
-0.003
0.001
-0.002
0.001
0.010
0.013
0.012
0.013
0.018
0.019
0.014
0.016
0.017
0.024
0.026
0.024
0.022
0.020
0.017
0.025
0.027
0.033
0.032
0.031
0.036
0.040
0.034
0.036
0.039
0.040
0.043
0.035
0.038
0.033
0.034
0.028
0.026
0.024
0.025
0.018
0.015
0.015
0.009
0.009
0.007
0.010
0.006
0.002
-0.004
-0.004
-0.009
-0.010
-0.007
-0.009
-0.014
-0.019
-0.021
-0.017
-0.018
-0.019
-0.019
-0.023
-0.020
-0.024
-0.019
-0.019
-0.022
-0.024
-0.026
-0.025
-0.039
-0.041
-0.044
-0.042
-0.047
-0.048
-0.045
-0.049
-0.045
-0.051
-0.053
-0.049
-0.050
-0.051
-0.040
-0.047
-0.041
-0.047
-0.042
-0.033
-0.035
-0.024
-0.016
-0.009
-0.007
0.004
0.002
0.022
0.024
0.030
0.031
0.030
0.029
0.026
0.024
0.029
0.034
0.035
0.033
0.036
0.030
0.029
0.031
0.026
0.028
0.025
0.018
0.015
0.015
0.009
0.008
0.001
0.004
0.007
0.006
0.005
-0.001
-0.001
0.001
0.001
0.000
0.003
0.003
0.002
-0.004
-0.009
-0.010
-0.012
-0.011
-0.015
-0.014
-0.023
-0.026
-0.031
-0.028
-0.029
-0.025
-0.023
-0.021
-0.023
-0.022
-0.019
-0.020
-0.012
-0.013
-0.001
0.002
0.005
0.003
0.010
0.016
0.024
0.033
0.029
0.033
0.036
0.042
0.042
0.044
0.045
0.043
0.043
0.040
0.033
0.029
0.022
0.021
0.013
0.013
0.010
0.009
0.005
0.003
0.002
0.003
0.003
0.005
0.003
0.000
-0.004
-0.005
-0.004
-0.001
-0.002
-0.002
-0.004
-0.005
-0.006
-0.012
-0.011
-0.011
-0.011
-0.013
-0.018
-0.018
-0.020
-0.019
-0.018
-0.025
-0.018
-0.020
-0.019
-0.021
-0.027
-0.027
-0.022
-0.022
-0.015
-0.013
-0.013
-0.012
-0.010
-0.008
-0.008
-0.006
-0.006
-0.006
-0.003
-0.010
-0.006
-0.005
-0.005
-0.008
-0.001
-0.010
-0.002
-0.011
-0.009
-0.008
-0.003
-0.007
-0.005
-0.011
-0.010
-0.009
-0.013
-0.011
-0.011
-0.013
-0.008
-0.009
-0.011
-0.007
-0.019
-0.018
-0.016
-0.019
-0.014
-0.015
-0.017
-0.013
-0.018
-0.015
-0.007
-0.009
-0.013
-0.009
-0.012
-0.013
-0.016
-0.010
-0.013
-0.011
-0.014
-0.012
-0.012
-0.011
-0.010
-0.009
-0.007
-0.008
-0.005
0.004
0.001
0.004
0.007
0.008
0.012
0.020
0.015
0.023
0.026
0.027
0.028
0.031
0.030
0.031
0.029
0.024
0.024
0.025
0.021
0.018
0.025
0.017
0.025
0.023
0.021
0.019
0.021
0.019
0.021
0.020
0.018
0.012
0.006
0.011
0.009
0.009
0.014
0.006
0.011
0.014
0.008
0.016
0.013
0.014
0.015
0.022
0.021
0.020
0.016
0.022
0.020
0.022
0.023
0.019
0.016
0.014
0.011
0.008
0.014
0.006
0.006
0.001
0.002
-0.004
-0.009
-0.013
-0.016
-0.019
-0.021
-0.023
-0.026
-0.025
-0.032
-0.033
-0.032
-0.029
-0.033
-0.032
-0.030
-0.034
-0.036
-0.034
-0.039
-0.037
-0.036
-0.036
-0.034
-0.034
-0.033
-0.036
-0.032
-0.031
-0.028
-0.025
-0.020
-0.015
-0.021
-0.018
-0.017
-0.017
-0.015
-0.015
-0.015
-0.008
-0.016
-0.016
-0.016
-0.016
-0.016
-0.022
-0.021
-0.022
-0.023
-0.026
-0.026
-0.028
-0.027
-0.029
-0.024
-0.024
-0.019
-0.022
-0.020
-0.015
-0.019
-0.018
-0.014
-0.014
-0.015
-0.012
-0.010
-0.012
-0.006
-0.007
-0.009
-0.001
0.000
0.002
0.009
0.008
0.013
0.016
0.017
0.026
0.023
0.033
0.029
0.030
0.036
0.034
0.038
0.038
0.040
0.044
0.039
0.048
0.045
0.041
0.050
0.042
0.046
0.051
0.046
0.056
0.052
0.048
0.054
0.050
0.056
0.057
0.052
0.060
0.057
0.054
0.056
0.055
0.051
0.051
0.051
0.044
0.049
0.042
0.039
0.041
0.034
0.030
0.030
0.025
0.025
0.019
0.016
0.015
0.007
0.010
0.004
-0.004
0.001
-0.004
-0.011
-0.007
-0.019
-0.020
-0.018
-0.026
-0.027
-0.028
-0.035
-0.038
-0.041
-0.043
-0.047
-0.054
-0.055
-0.060
-0.063
-0.058
-0.063
-0.068
-0.064
-0.069
-0.071
-0.065
-0.068
-0.068
-0.065
-0.064
-0.062
-0.061
-0.062
-0.061
-0.060
-0.057
-0.055
-0.053
-0.052
-0.051
-0.051
-0.049
-0.045
-0.044
-0.041
-0.038
-0.039
-0.036
-0.030
-0.032
-0.027
-0.024
-0.021
-0.015
-0.014
-0.012
-0.006
-0.004
0.000
0.003
0.010
0.014
0.012
0.016
0.018
0.021
0.025
0.025
0.027
0.031
0.031
0.033
0.036
0.036
0.036
0.038
0.041
0.041
0.039
0.044
0.043
0.046
0.045
0.045
0.049
0.047
0.050
0.052
0.052
0.055
0.054
0.053
0.057
0.055
0.054
0.054
0.053
0.048
0.048
0.046
0.043
0.044
0.042
0.036
0.039
0.034
0.029
0.031
0.025
0.023
0.023
0.018
0.021
0.017
0.013
0.016
0.008
0.008
0.010
0.004
0.004
0.002
-0.002
-0.006
-0.007
-0.010
-0.013
-0.013
-0.014
-0.020
-0.021
-0.021
-0.025
-0.027
-0.028
-0.029
-0.031
-0.033
-0.032
-0.034
-0.034
-0.036
-0.039
-0.039
-0.037
-0.039
-0.039
-0.041
-0.042
-0.041
-0.043
-0.040
-0.040
-0.040
-0.040
-0.042
-0.041
-0.039
-0.042
-0.037
-0.035
-0.033
-0.032
-0.030
-0.027
-0.025
-0.022
-0.023
-0.021
-0.012
-0.017
-0.012
-0.011
-0.008
-0.004
-0.004
-0.003
0.000
0.002
0.004
0.007
0.008
0.010
0.011
0.011
0.017
0.019
0.020
0.022
0.024
0.024
0.027
0.029
0.030
0.031
0.031
0.033
0.036
0.034
0.034
0.037
0.037
0.040
0.038
0.037
0.042
0.037
0.039
0.042
0.037
0.038
0.039
0.032
0.034
0.035
0.030
0.029
0.029
0.024
0.024
0.024
0.021
0.018
0.014
0.011
0.009
0.004
0.002
0.001
-0.003
-0.002
-0.002
-0.008
-0.006
-0.009
-0.012
-0.010
-0.014
-0.016
-0.016
-0.018
-0.020
-0.019
-0.020
-0.020
-0.021
-0.021
-0.021
-0.020
-0.021
-0.020
-0.021
-0.022
-0.021
-0.025
-0.026
-0.023
-0.025
-0.024
-0.024
-0.027
-0.025
-0.024
-0.027
-0.022
-0.026
-0.025
-0.023
-0.026
-0.021
-0.020
-0.021
-0.018
-0.020
-0.019
-0.012
-0.015
-0.013
-0.010
-0.009
-0.006
-0.008
-0.004
0.000
0.000
0.002
0.004
0.004
0.008
0.007
0.004
0.008
0.010
0.008
0.009
0.010
0.010
0.012
0.014
0.011
0.014
0.015
0.014
0.017
0.014
0.015
0.020
0.018
0.018
0.021
0.016
0.020
0.021
0.020
0.022
0.021
0.021
0.023
0.022
0.024
0.021
0.023
0.022
0.023
0.024
0.018
0.023
0.021
0.019
0.021
0.016
0.014
0.016
0.012
0.014
0.011
0.008
0.011
0.005
0.007
0.005
0.001
0.002
0.001
-0.003
0.001
-0.002
-0.005
-0.003
-0.008
-0.007
-0.008
-0.007
-0.008
-0.010
-0.004
-0.010
-0.011
-0.012
-0.014
-0.016
-0.015
-0.015
-0.019
-0.019
-0.019
-0.022
-0.022
-0.020
-0.023
-0.021
-0.020
-0.023
-0.021
-0.020
-0.019
-0.018
-0.019
-0.016
-0.014
-0.013
-0.013
-0.013
-0.014
-0.011
-0.009
-0.011
-0.010
-0.009
-0.007
-0.006
-0.007
-0.007
-0.007
-0.004
-0.005
-0.001
0.001
0.002
0.006
0.005
0.005
0.010
0.010
0.012
0.014
0.015
0.018
0.016
0.017
0.018
0.016
0.018
0.020
0.017
0.018
0.019
0.016
0.019
0.014
0.015
0.019
0.015
0.014
0.015
0.014
0.012
0.011
0.011
0.014
0.014
0.013
0.014
0.014
0.011
0.014
0.013
0.010
0.012
0.010
0.011
0.013
0.007
0.009
0.008
0.006
0.004
0.002
0.002
0.003
0.003
0.001
-0.001
-0.004
-0.003
-0.006
-0.005
-0.005
-0.009
-0.007
-0.010
-0.011
-0.009
-0.011
-0.009
-0.012
-0.011
-0.010
-0.013
-0.011
-0.011
-0.013
-0.006
-0.010
-0.015
-0.005
-0.010
-0.009
-0.002
-0.010
-0.009
-0.003
-0.009
-0.003
-0.005
-0.008
-0.006
-0.012
-0.007
-0.010
-0.012
-0.008
-0.010
-0.010
-0.006
-0.011
-0.011
-0.006
-0.001
-0.007
0.001
-0.003
-0.004
0.003
-0.001
0.002
0.005
0.002
0.007
0.002
0.005
0.009
0.003
0.006
0.007
0.006
0.006
0.010
0.007
0.007
0.010
0.005
0.009
0.009
0.007
0.012
0.008
0.008
0.010
0.007
0.011
0.010
0.009
0.013
0.012
0.013
0.013
0.012
0.013
0.014
0.012
0.015
0.012
0.010
0.013
0.010
0.010
0.010
0.010
0.010
0.008
0.007
0.008
0.006
0.005
0.003
0.004
0.001
0.001
-0.001
0.000
-0.001
-0.004
-0.002
-0.002
-0.006
-0.002
-0.003
-0.007
-0.003
-0.006
-0.007
-0.006
-0.009
-0.008
-0.008
-0.009
-0.008
-0.012
-0.008
-0.010
-0.016
-0.009
-0.014
-0.013
-0.011
-0.017
-0.009
-0.011
-0.013
-0.010
-0.015
-0.012
-0.007
-0.015
-0.007
-0.009
-0.013
-0.006
-0.009
-0.008
-0.001
-0.008
-0.006
-0.001
-0.006
-0.003
-0.005
-0.004
-0.002
-0.005
0.001
0.001
0.000
0.003
0.004
0.003
0.006
0.009
0.007
0.010
0.011
0.010
0.013
0.014
0.012
0.014
0.014
0.012
0.013
0.011
0.013
0.010
0.010
0.013
0.011
0.009
0.010
0.011
0.007
0.009
0.011
0.010
0.011
0.010
0.012
0.012
0.011
0.015
0.011
0.012
0.011
0.010
0.012
0.008
0.009
0.010
0.007
0.007
0.001
-0.001
0.001
-0.003
-0.001
-0.004
-0.006
-0.003
-0.007
-0.006
-0.004
-0.008
-0.005
-0.002
-0.009
-0.002
-0.004
-0.007
-0.002
-0.004
-0.002
-0.003
-0.005
-0.002
-0.004
-0.005
-0.004
-0.007
-0.007
-0.006
-0.009
-0.010
-0.009
-0.013
-0.011
-0.009
-0.014
-0.011
-0.009
-0.012
-0.012
-0.009
-0.010
-0.007
-0.008
-0.008
-0.007
-0.007
-0.005
-0.006
-0.009
-0.004
-0.002
-0.003
0.001
-0.001
0.000
0.001
-0.001
0.001
0.004
0.004
0.002
0.005
0.002
0.002
0.005
0.004
0.006
0.006
0.007
0.009
0.004
0.005
0.006
0.002
0.003
0.004
0.002
0.004
0.004
0.004
0.007
0.003
0.008
0.008
0.011
0.012
0.011
0.012
0.014
0.017
0.020
0.020
0.017
0.017
0.015
0.018
0.015
0.014
0.013
0.011
0.011
0.010
0.009
0.004
0.004
0.005
0.005
0.003
0.004
0.003
0.003
0.005
0.007
0.007
0.007
0.010
0.011
0.013
0.010
0.012
0.009
0.009
0.011
0.005
0.005
0.006
0.000
-0.001
0.000
-0.002
0.000
0.000
-0.007
-0.003
-0.004
-0.005
-0.002
-0.002
-0.003
-0.002
-0.004
-0.007
-0.007
-0.003
-0.006
-0.008
-0.007
-0.007
-0.009
-0.007
-0.009
-0.009
-0.008
-0.006
-0.005
-0.005
-0.003
-0.001
-0.004
-0.001
-0.003
-0.002
-0.001
-0.004
-0.003
-0.005
-0.005
-0.005
-0.006
-0.006
-0.007
-0.005
-0.008
-0.008
-0.007
-0.008
-0.006
-0.004
-0.003
0.000
0.000
0.005
0.003
0.001
0.009
0.006
0.005
0.007
0.006
0.005
0.009
0.007
0.003
0.009
0.007
0.000
0.007
0.003
-0.001
0.000
0.000
-0.004
-0.005
-0.003
-0.004
-0.008
-0.007
-0.008
-0.011
-0.003
-0.004
-0.008
-0.004
-0.005
-0.007
-0.009
-0.004
-0.010
-0.011
-0.003
-0.011
-0.011
-0.009
-0.015
-0.011
-0.011
-0.009
-0.005
-0.009
-0.005
-0.002
-0.009
0.002
-0.005
-0.003
0.006
-0.007
0.000
0.006
-0.004
0.006
0.005
0.003
0.011
0.011
0.013
0.016
0.016
0.016
0.021
0.018
0.025
0.025
0.022
0.029
0.024
0.032
0.032
0.028
0.037
0.032
0.031
0.038
0.026
0.030
0.029
0.032
0.039
0.033
0.035
0.031
0.031
0.028
0.025
0.034
0.031
0.028
0.029
0.023
0.027
0.023
0.021
0.018
0.017
0.013
0.010
0.007
-0.002
-0.007
-0.005
-0.010
-0.011
-0.013
-0.018
-0.023
-0.026
-0.029
-0.033
-0.031
-0.031
-0.033
-0.036
-0.037
-0.042
-0.045
-0.042
-0.051
-0.052
-0.054
-0.058
-0.060
-0.064
-0.067
-0.073
-0.067
-0.067
-0.069
-0.070
-0.070
-0.068
-0.067
-0.066
-0.057
-0.053
-0.043
-0.041
-0.041
-0.035
-0.031
-0.028
-0.020
-0.018
-0.018
-0.013
-0.006
-0.016
-0.011
-0.015
-0.011
-0.011
-0.012
-0.009
-0.010
-0.005
-0.008
-0.005
0.001
0.011
0.010
0.019
0.025
0.028
0.037
0.044
0.050
0.062
0.065
0.060
0.068
0.077
0.072
0.070
0.076
0.077
0.077
0.079
0.074
0.070
0.067
0.060
0.058
0.062
0.059
0.054
0.051
0.055
0.044
0.047
0.047
0.046
0.041
0.046
0.032
0.033
0.034
0.028
0.023
0.015
0.010
0.008
0.003
-0.007
-0.009
-0.012
-0.017
-0.020
-0.021
-0.020
-0.024
-0.024
-0.023
-0.026
-0.031
-0.022
-0.020
-0.022
-0.017
-0.017
-0.013
-0.011
-0.014
-0.011
-0.011
-0.016
-0.013
-0.011
-0.010
-0.008
-0.010
-0.005
-0.008
-0.013
-0.013
-0.015
-0.017
-0.023
-0.025
-0.028
-0.034
-0.041
-0.047
-0.052
-0.054
-0.058
-0.060
-0.068
-0.069
-0.072
-0.074
-0.080
-0.080
-0.086
-0.090
-0.090
-0.089
-0.087
-0.093
-0.093
-0.089
-0.086
-0.086
-0.083
-0.077
-0.071
-0.063
-0.060
-0.052
-0.042
-0.036
-0.026
-0.010
-0.009
0.002
0.009
0.015
0.030
0.033
0.037
0.043
0.046
0.047
0.049
0.054
0.060
0.063
0.067
0.062
0.062
0.070
0.074
0.073
0.073
0.078
0.077
0.077
0.086
0.085
0.083
0.089
0.084
0.092
0.090
0.093
0.088
0.085
0.082
0.080
0.077
0.074
0.067
0.055
0.051
0.045
0.039
0.025
0.017
0.004
0.003
-0.001
-0.009
-0.014
-0.026
-0.030
-0.034
-0.037
-0.039
-0.045
-0.049
-0.043
-0.055
-0.057
-0.056
-0.054
-0.059
-0.063
-0.056
-0.048
-0.042
-0.038
-0.036
-0.032
-0.022
-0.021
-0.022
-0.020
-0.017
-0.015
-0.016
-0.016
-0.025
-0.024
-0.017
-0.021
-0.025
-0.022
-0.025
-0.022
-0.023
-0.034
-0.030
-0.027
-0.025
-0.025
-0.030
-0.028
-0.031
-0.025
-0.025
-0.028
-0.022
-0.014
-0.020
-0.015
-0.010
-0.010
-0.009
-0.014
-0.016
-0.006
0.003
0.002
0.000
0.001
-0.003
-0.002
0.001
0.010
0.005
0.010
0.003
0.002
0.013
0.004
0.010
0.003
0.009
0.010
0.006
0.009
0.007
0.008
0.008
0.005
0.008
0.007
0.007
0.006
-0.003
0.005
-0.001
0.002
0.000
-0.002
-0.004
-0.012
-0.017
-0.027
-0.027
-0.023
-0.020
-0.027
-0.020
-0.028
-0.023
-0.025
-0.028
-0.026
-0.024
-0.022
-0.021
-0.018
-0.022
-0.012
-0.019
-0.009
-0.001
0.005
0.009
0.019
0.025
0.032
0.038
0.036
0.046
0.048
0.054
0.050
0.049
0.051
0.047
0.052
0.051
0.049
0.047
0.043
0.036
0.038
0.035
0.027
0.025
0.026
0.023
0.021
0.017
0.026
0.021
0.011
0.009
0.007
0.013
0.008
0.005
0.008
0.009
0.005
0.003
-0.007
0.001
-0.001
-0.004
-0.007
-0.014
-0.014
-0.016
-0.023
-0.030
-0.031
-0.039
-0.033
-0.039
-0.046
-0.053
-0.062
-0.058
-0.061
-0.064
-0.061
-0.063
-0.066
-0.056
-0.058
-0.052
-0.044
-0.041
-0.028
-0.029
-0.029
-0.026
-0.028
-0.033
-0.035
-0.031
-0.027
-0.028
-0.026
-0.027
-0.023
-0.019
-0.021
-0.018
-0.002
-0.002
-0.002
-0.006
-0.003
0.009
0.009
0.020
0.028
0.032
0.029
0.036
0.045
0.044
0.052
0.056
0.065
0.067
0.071
0.070
0.067
0.077
0.073
0.069
0.072
0.068
0.075
0.067
0.060
0.054
0.050
0.052
0.044
0.032
0.032
0.025
0.014
0.010
0.008
0.009
0.003
-0.013
-0.008
-0.011
-0.022
-0.025
-0.033
-0.027
-0.031
-0.039
-0.042
-0.050
-0.052
-0.053
-0.064
-0.064
-0.063
-0.062
-0.063
-0.066
-0.063
-0.065
-0.061
-0.054
-0.056
-0.061
-0.058
-0.058
-0.055
-0.056
-0.053
-0.044
-0.044
-0.044
-0.040
-0.034
-0.028
-0.019
-0.013
0.000
-0.004
0.003
0.002
0.010
0.007
0.015
0.015
0.024
0.023
0.024
0.030
0.030
0.037
0.030
0.034
0.042
0.034
0.038
0.042
0.040
0.046
0.048
0.055
0.058
0.053
0.061
0.066
0.059
0.071
0.066
0.080
0.078
0.075
0.074
0.068
0.078
0.069
0.064
0.062
0.058
0.052
0.048
0.032
0.033
0.012
0.006
-0.002
-0.010
-0.030
-0.033
-0.048
-0.062
-0.072
-0.086
-0.093
-0.095
-0.102
-0.102
-0.110
-0.105
-0.100
-0.108
-0.094
-0.105
-0.090
-0.095
-0.096
-0.091
-0.085
-0.086
-0.077
-0.084
-0.070
-0.059
-0.058
-0.041
-0.042
-0.031
-0.015
-0.015
-0.008
0.008
0.007
0.024
0.027
0.042
0.048
0.057
0.066
0.079
0.080
0.097
0.099
0.108
0.112
0.108
0.116
0.112
0.116
0.116
0.117
0.109
0.111
0.103
0.109
0.099
0.100
0.091
0.082
0.077
0.067
0.056
0.045
0.041
0.025
0.014
0.014
0.004
-0.004
-0.007
-0.024
-0.022
-0.036
-0.035
-0.051
-0.051
-0.058
-0.069
-0.073
-0.090
-0.092
-0.101
-0.112
-0.116
-0.114
-0.121
-0.117
-0.117
-0.116
-0.115
-0.117
-0.115
-0.114
-0.114
-0.109
-0.098
-0.107
-0.097
-0.098
-0.083
-0.080
-0.069
-0.060
-0.049
-0.037
-0.020
-0.017
-0.003
0.007
0.013
0.028
0.030
0.042
0.050
0.057
0.067
0.076
0.080
0.087
0.093
0.096
0.105
0.100
0.104
0.101
0.102
0.096
0.104
0.097
0.096
0.099
0.096
0.096
0.093
0.092
0.090
0.093
0.088
0.096
0.079
0.087
0.078
0.068
0.067
0.052
0.048
0.048
0.034
0.026
0.022
0.011
0.002
0.002
-0.014
-0.021
-0.032
-0.041
-0.058
-0.064
-0.079
-0.086
-0.087
-0.099
-0.102
-0.117
-0.105
-0.116
-0.106
-0.098
-0.108
-0.095
-0.092
-0.089
-0.085
-0.076
-0.077
-0.073
-0.064
-0.060
-0.051
-0.046
-0.031
-0.032
-0.024
-0.016
-0.024
-0.003
-0.012
0.004
0.005
0.012
0.008
0.017
0.020
0.013
0.031
0.025
0.030
0.030
0.038
0.039
0.038
0.054
0.042
0.048
0.056
0.049
0.052
0.058
0.056
0.053
0.060
0.060
0.057
0.066
0.066
0.066
0.065
0.070
0.064
0.057
0.066
0.051
0.052
0.047
0.044
0.041
0.033
0.036
0.023
0.024
0.022
0.012
0.015
0.014
0.009
0.009
0.004
0.002
-0.008
-0.013
-0.020
-0.030
-0.029
-0.033
-0.041
-0.045
-0.052
-0.053
-0.058
-0.058
-0.060
-0.069
-0.070
-0.082
-0.077
-0.084
-0.095
-0.088
-0.103
-0.103
-0.099
-0.104
-0.100
-0.104
-0.106
-0.095
-0.105
-0.081
-0.083
-0.084
-0.064
-0.066
-0.057
-0.047
-0.042
-0.028
-0.025
-0.005
0.001
0.004
0.023
0.030
0.035
0.056
0.060
0.072
0.081
0.090
0.102
0.109
0.120
0.119
0.120
0.131
0.131
0.129
0.141
0.131
0.125
0.126
0.126
0.116
0.116
0.111
0.103
0.098
0.099
0.100
0.093
0.088
0.082
0.071
0.073
0.067
0.059
0.056
0.045
0.040
0.031
0.024
0.018
0.003
0.001
-0.007
-0.011
-0.013
-0.027
-0.025
-0.030
-0.039
-0.039
-0.045
-0.045
-0.050
-0.057
-0.052
-0.063
-0.071
-0.073
-0.078
-0.082
-0.091
-0.093
-0.100
-0.104
-0.115
-0.115
-0.114
-0.111
-0.116
-0.110
-0.110
-0.108
-0.104
-0.104
-0.097
-0.094
-0.094
-0.092
-0.085
-0.072
-0.069
-0.058
-0.050
-0.048
-0.044
-0.030
-0.022
-0.010
-0.005
0.008
0.012
0.018
0.030
0.038
0.054
0.060
0.065
0.073
0.074
0.082
0.087
0.088
0.092
0.090
0.091
0.091
0.090
0.090
0.084
0.085
0.084
0.078
0.078
0.081
0.078
0.076
0.072
0.072
0.065
0.066
0.058
0.054
0.057
0.043
0.042
0.038
0.036
0.030
0.019
0.015
0.009
0.002
0.000
-0.004
-0.009
-0.009
-0.021
-0.025
-0.028
-0.026
-0.029
-0.027
-0.031
-0.034
-0.035
-0.035
-0.034
-0.033
-0.033
-0.032
-0.036
-0.032
-0.035
-0.032
-0.035
-0.031
-0.035
-0.029
-0.027
-0.022
-0.020
-0.024
-0.020
-0.019
-0.013
-0.011
-0.016
-0.007
-0.010
-0.005
-0.004
-0.001
-0.003
0.006
0.001
0.008
0.005
0.011
0.010
0.011
0.014
0.012
0.018
0.013
0.014
0.014
0.015
0.014
0.013
0.016
0.011
0.016
0.016
0.021
0.016
0.022
0.019
0.017
0.017
0.015
0.019
0.016
0.018
0.013
0.016
0.011
0.011
0.009
0.007
0.006
0.008
0.009
0.007
0.006
0.001
0.002
0.001
-0.009
0.003
-0.009
-0.002
-0.004
-0.012
-0.009
-0.018
-0.024
-0.015
-0.025
-0.024
-0.020
-0.031
-0.028
-0.034
-0.036
-0.039
-0.040
-0.041
-0.043
-0.038
-0.046
-0.048
-0.047
-0.048
-0.046
-0.040
-0.041
-0.033
-0.032
-0.028
-0.025
-0.020
-0.018
-0.013
-0.008
-0.004
-0.001
0.005
0.010
0.008
0.014
0.021
0.020
0.025
0.027
0.032
0.033
0.039
0.039
0.043
0.046
0.051
0.052
0.057
0.060
0.060
0.063
0.060
0.063
0.064
0.060
0.061
0.058
0.061
0.052
0.050
0.048
0.043
0.042
0.038
0.036
0.031
0.026
0.020
0.017
0.014
0.007
0.003
-0.002
-0.005
-0.010
-0.014
-0.016
-0.021
-0.029
-0.029
-0.028
-0.031
-0.032
-0.035
-0.035
-0.039
-0.041
-0.042
-0.043
-0.041
-0.044
-0.040
-0.040
-0.043
-0.040
-0.040
-0.037
-0.036
-0.039
-0.031
-0.029
-0.028
-0.023
-0.022
-0.020
-0.018
-0.012
-0.010
-0.004
0.000
0.002
0.004
0.007
0.006
0.010
0.012
0.013
0.019
0.020
0.027
0.025
0.026
0.029
0.029
0.035
0.034
0.034
0.033
0.033
0.036
0.036
0.034
0.034
0.033
0.029
0.030
0.026
0.025
0.023
0.023
0.019
0.018
0.017
0.016
0.011
0.010
0.011
0.009
0.009
0.004
0.004
-0.002
-0.002
-0.003
-0.005
-0.006
-0.010
-0.013
-0.014
-0.017
-0.019
-0.018
-0.022
-0.023
-0.023
-0.025
-0.025
-0.024
-0.023
-0.022
-0.021
-0.021
-0.021
-0.019
-0.019
-0.018
-0.016
-0.015
-0.012
-0.011
-0.007
-0.008
-0.005
-0.002
-0.007
-0.001
0.000
0.002
0.003
0.001
0.004
0.006
0.005
0.009
0.008
0.011
0.011
0.012
0.016
0.012
0.017
0.017
0.017
0.021
0.018
0.021
0.020
0.018
0.020
0.019
0.016
0.017
0.015
0.015
0.015
0.011
0.011
0.010
0.007
0.005
0.006
0.004
0.003
0.003
0.001
0.000
0.000
-0.002
-0.002
-0.003
-0.005
-0.004
-0.007
-0.008
-0.008
-0.011
-0.013
-0.012
-0.014
-0.014
-0.014
-0.015
-0.014
-0.012
-0.012
-0.012
-0.012
-0.011
-0.009
-0.007
-0.006
-0.007
-0.007
-0.003
-0.003
-0.005
-0.002
-0.001
-0.001
0.001
0.000
0.001
0.000
0.002
0.002
0.006
0.005
0.005
0.009
0.010
0.007
0.012
0.010
0.010
0.013
0.012
0.014
0.011
0.010
0.010
0.011
0.007
0.013
0.010
0.006
0.010
0.005
0.010
0.005
0.003
0.004
0.004
0.001
0.004
0.002
0.000
0.004
-0.003
0.004
-0.002
0.001
0.000
-0.003
-0.001
-0.005
-0.006
-0.002
-0.006
-0.006
-0.004
-0.007
-0.005
-0.009
-0.006
-0.006
-0.010
-0.008
-0.010
-0.009
-0.007
-0.010
-0.007
-0.009
-0.008
-0.005
-0.008
-0.008
-0.007
-0.008
-0.007
-0.006
-0.005
-0.002
-0.004
-0.005
-0.004
-0.001
-0.004
0.000
0.000
0.000
0.002
0.000
0.003
0.004
0.005
0.005
0.006
0.006
0.007
0.008
0.010
0.007
0.009
0.008
0.007
0.010
0.007
0.009
0.011
0.008
0.010
0.009
0.010
0.006
0.008
0.010
0.009
0.008
0.009
0.003
0.008
0.005
0.005
0.005
0.004
0.001
0.002
0.001
0.001
-0.001
0.000
-0.004
-0.002
-0.004
-0.007
-0.006
-0.010
-0.010
-0.010
-0.011
-0.012
-0.014
-0.014
-0.016
-0.015
-0.015
-0.016
-0.018
-0.016
-0.017
-0.014
-0.012
-0.013
-0.012
-0.010
-0.007
-0.005
-0.003
-0.003
0.000
0.004
0.005
0.007
0.008
0.010
0.011
0.013
0.016
0.019
0.017
0.017
0.020
0.020
0.021
0.020
0.019
0.021
0.021
0.021
0.020
0.016
0.014
0.018
0.015
0.012
0.011
0.008
0.007
0.006
0.003
0.000
0.000
-0.002
-0.002
-0.007
-0.008
-0.011
-0.010
-0.013
-0.013
-0.015
-0.015
-0.019
-0.017
-0.020
-0.020
-0.021
-0.021
-0.020
-0.020
-0.019
-0.020
-0.021
-0.019
-0.020
-0.017
-0.017
-0.015
-0.015
-0.012
-0.008
-0.007
-0.008
-0.005
-0.001
0.000
-0.001
0.001
0.004
0.005
0.007
0.006
0.008
0.010
0.011
0.010
0.011
0.010
0.012
0.013
0.015
0.015
0.014
0.014
0.017
0.017
0.015
0.017
0.016
0.016
0.015
0.014
0.014
0.014
0.012
0.012
0.009
0.009
0.010
0.006
0.007
0.004
0.004
0.003
0.000
-0.001
-0.001
-0.002
-0.003
-0.003
Y加速度資料
Y Acc Data:4354
-0.011
-0.011
-0.011
-0.010
-0.011
-0.010
-0.008
-0.010
-0.009
-0.010
-0.009
-0.008
-0.008
-0.007
-0.006
-0.007
-0.005
-0.007
-0.005
-0.005
-0.005
-0.005
-0.004
-0.004
-0.004
-0.005
-0.004
-0.001
-0.001
-0.001
-0.002
-0.001
-0.003
-0.003
-0.004
-0.003
-0.002
-0.002
-0.003
-0.002
-0.004
-0.003
-0.004
-0.003
-0.005
-0.001
-0.003
-0.001
-0.007
-0.005
-0.006
-0.006
-0.007
-0.006
-0.006
-0.007
-0.006
-0.005
-0.006
-0.008
-0.008
-0.007
-0.009
-0.010
-0.011
-0.011
-0.010
-0.008
-0.010
-0.010
-0.011
-0.008
-0.009
-0.012
-0.011
-0.009
-0.010
-0.010
-0.007
-0.009
-0.010
-0.011
-0.011
-0.011
-0.011
-0.009
-0.009
-0.008
-0.010
-0.009
-0.007
-0.009
-0.008
-0.008
-0.007
-0.008
-0.007
-0.006
-0.008
-0.006
-0.006
-0.007
-0.006
-0.005
-0.006
-0.006
-0.005
-0.006
-0.004
-0.006
-0.006
-0.004
-0.004
-0.003
-0.003
-0.004
-0.004
-0.003
-0.004
-0.002
-0.003
-0.003
-0.002
-0.002
-0.004
-0.003
-0.004
-0.004
-0.004
-0.005
-0.003
-0.004
-0.006
-0.006
-0.005
-0.005
-0.006
-0.004
-0.005
-0.005
-0.007
-0.004
-0.006
-0.007
-0.006
-0.009
-0.008
-0.007
-0.007
-0.008
-0.008
-0.007
-0.010
-0.009
-0.009
-0.008
-0.008
-0.009
-0.010
-0.009
-0.009
-0.009
-0.008
-0.009
-0.009
-0.009
-0.008
-0.010
-0.009
-0.009
-0.009
-0.008
-0.010
-0.006
-0.009
-0.009
-0.009
-0.007
-0.007
-0.008
-0.007
-0.006
-0.006
-0.006
-0.008
-0.007
-0.008
-0.009
-0.006
-0.006
-0.008
-0.008
-0.009
-0.004
-0.007
-0.005
-0.005
-0.005
-0.004
-0.005
-0.006
-0.005
-0.006
-0.006
-0.005
-0.003
-0.003
-0.004
-0.006
-0.005
-0.005
-0.006
-0.003
-0.003
-0.002
-0.006
-0.006
-0.005
-0.004
-0.006
-0.006
-0.005
-0.004
-0.004
-0.005
-0.005
-0.006
-0.005
-0.008
-0.007
-0.007
-0.006
-0.006
-0.005
-0.006
-0.005
-0.008
-0.008
-0.007
-0.007
-0.007
-0.007
-0.008
-0.008
-0.008
-0.008
-0.006
-0.009
-0.010
-0.010
-0.010
-0.008
-0.009
-0.010
-0.008
-0.007
-0.003
-0.004
-0.006
-0.006
-0.003
-0.004
-0.005
-0.004
-0.004
-0.002
-0.004
-0.005
-0.001
-0.003
0.000
-0.005
-0.005
-0.003
-0.006
-0.006
-0.005
-0.005
-0.004
-0.006
-0.006
-0.007
-0.007
-0.007
-0.006
-0.006
-0.005
-0.007
-0.002
-0.005
-0.001
-0.006
-0.001
-0.002
-0.001
-0.001
-0.002
-0.002
-0.001
-0.001
0.001
-0.001
0.004
0.003
0.002
0.004
0.004
0.005
0.006
0.005
0.007
0.008
0.011
0.011
0.013
0.012
0.013
0.014
0.017
0.014
0.016
0.017
0.018
0.016
0.020
0.018
0.020
0.019
0.020
0.020
0.021
0.019
0.020
0.018
0.019
0.020
0.020
0.022
0.020
0.021
0.020
0.021
0.020
0.018
0.022
0.020
0.023
0.024
0.023
0.022
0.021
0.019
0.021
0.020
0.020
0.024
0.023
0.022
0.022
0.024
0.024
0.027
0.027
0.029
0.030
0.028
0.027
0.026
0.029
0.030
0.029
0.030
0.033
0.032
0.031
0.027
0.030
0.030
0.030
0.029
0.027
0.025
0.024
0.023
0.023
0.025
0.023
0.026
0.025
0.028
0.028
0.029
0.031
0.032
0.034
0.036
0.038
0.041
0.043
0.043
0.047
0.046
0.047
0.049
0.051
0.053
0.057
0.058
0.058
0.055
0.054
0.055
0.057
0.059
0.062
0.060
0.062
0.061
0.062
0.061
0.062
0.064
0.065
0.065
0.067
0.067
0.068
0.066
0.067
0.068
0.071
0.071
0.071
0.069
0.069
0.068
0.066
0.067
0.066
0.067
0.068
0.067
0.066
0.064
0.063
0.061
0.061
0.059
0.060
0.058
0.059
0.056
0.056
0.052
0.051
0.052
0.054
0.053
0.053
0.054
0.052
0.051
0.050
0.048
0.049
0.052
0.055
0.056
0.058
0.057
0.054
0.056
0.057
0.059
0.058
0.058
0.061
0.062
0.062
0.063
0.061
0.063
0.063
0.062
0.064
0.064
0.064
0.064
0.065
0.062
0.063
0.065
0.066
0.069
0.070
0.073
0.072
0.073
0.072
0.073
0.075
0.079
0.079
0.082
0.082
0.082
0.081
0.082
0.083
0.086
0.088
0.088
0.089
0.093
0.092
0.090
0.092
0.093
0.090
0.093
0.096
0.095
0.098
0.096
0.099
0.095
0.096
0.098
0.098
0.097
0.096
0.096
0.097
0.097
0.098
0.098
0.097
0.096
0.098
0.099
0.099
0.097
0.094
0.095
0.096
0.096
0.095
0.094
0.094
0.094
0.094
0.094
0.092
0.093
0.095
0.096
0.095
0.094
0.094
0.093
0.093
0.094
0.094
0.099
0.103
0.105
0.106
0.105
0.104
0.104
0.107
0.109
0.112
0.117
0.118
0.117
0.114
0.113
0.111
0.112
0.111
0.115
0.119
0.122
0.120
0.119
0.118
0.118
0.121
0.123
0.127
0.131
0.132
0.134
0.133
0.135
0.134
0.137
0.138
0.135
0.136
0.139
0.137
0.136
0.135
0.131
0.129
0.134
0.132
0.133
0.136
0.138
0.137
0.135
0.136
0.138
0.136
0.137
0.137
0.139
0.138
0.138
0.136
0.135
0.134
0.133
0.130
0.129
0.128
0.127
0.126
0.127
0.125
0.124
0.124
0.125
0.126
0.126
0.125
0.126
0.126
0.125
0.125
0.129
0.127
0.125
0.125
0.124
0.125
0.125
0.122
0.125
0.128
0.128
0.128
0.128
0.128
0.128
0.129
0.128
0.130
0.132
0.132
0.138
0.141
0.143
0.145
0.146
0.146
0.149
0.151
0.153
0.154
0.155
0.158
0.159
0.160
0.156
0.160
0.168
0.167
0.173
0.171
0.172
0.174
0.169
0.172
0.173
0.174
0.181
0.171
0.181
0.179
0.184
0.187
0.180
0.187
0.184
0.188
0.189
0.185
0.188
0.185
0.188
0.184
0.180
0.178
0.182
0.179
0.180
0.176
0.175
0.177
0.172
0.168
0.167
0.166
0.162
0.164
0.157
0.157
0.156
0.152
0.152
0.150
0.149
0.147
0.145
0.144
0.140
0.145
0.144
0.149
0.152
0.150
0.151
0.147
0.151
0.150
0.152
0.156
0.161
0.167
0.168
0.169
0.165
0.164
0.159
0.161
0.163
0.164
0.166
0.165
0.171
0.173
0.174
0.169
0.170
0.173
0.174
0.174
0.171
0.174
0.173
0.172
0.169
0.164
0.161
0.159
0.157
0.156
0.153
0.153
0.152
0.142
0.142
0.137
0.142
0.139
0.140
0.142
0.139
0.144
0.142
0.141
0.146
0.144
0.147
0.142
0.148
0.153
0.157
0.163
0.165
0.171
0.175
0.171
0.181
0.181
0.184
0.189
0.189
0.193
0.192
0.200
0.205
0.201
0.204
0.198
0.198
0.196
0.195
0.199
0.198
0.197
0.193
0.191
0.190
0.182
0.178
0.173
0.170
0.159
0.159
0.154
0.149
0.143
0.138
0.136
0.135
0.131
0.132
0.131
0.136
0.134
0.133
0.133
0.135
0.137
0.137
0.134
0.132
0.129
0.128
0.128
0.135
0.134
0.130
0.140
0.140
0.137
0.141
0.141
0.146
0.143
0.141
0.142
0.150
0.153
0.146
0.142
0.143
0.138
0.137
0.136
0.130
0.125
0.127
0.126
0.123
0.128
0.126
0.122
0.122
0.122
0.118
0.123
0.132
0.132
0.135
0.132
0.125
0.123
0.127
0.128
0.126
0.123
0.123
0.115
0.127
0.126
0.117
0.119
0.115
0.116
0.114
0.111
0.110
0.106
0.107
0.101
0.087
0.088
0.085
0.076
0.080
0.076
0.071
0.073
0.076
0.079
0.079
0.084
0.088
0.091
0.097
0.105
0.109
0.115
0.112
0.110
0.107
0.115
0.123
0.122
0.125
0.126
0.133
0.139
0.137
0.147
0.146
0.147
0.152
0.152
0.152
0.144
0.138
0.136
0.132
0.139
0.128
0.122
0.123
0.120
0.119
0.115
0.116
0.119
0.124
0.133
0.121
0.131
0.134
0.125
0.117
0.114
0.113
0.107
0.114
0.114
0.108
0.113
0.115
0.109
0.103
0.111
0.111
0.103
0.106
0.101
0.090
0.092
0.085
0.072
0.059
0.061
0.056
0.053
0.052
0.045
0.033
0.042
0.048
0.051
0.055
0.063
0.063
0.056
0.054
0.048
0.052
0.052
0.051
0.053
0.048
0.057
0.061
0.061
0.053
0.054
0.059
0.052
0.051
0.049
0.037
0.031
0.021
0.011
-0.005
-0.004
0.000
-0.001
-0.004
0.002
0.000
0.002
0.018
0.032
0.032
0.031
0.035
0.031
0.033
0.036
0.036
0.036
0.041
0.049
0.051
0.062
0.074
0.080
0.085
0.082
0.080
0.081
0.079
0.075
0.073
0.072
0.065
0.055
0.050
0.046
0.049
0.049
0.049
0.042
0.049
0.059
0.062
0.063
0.055
0.049
0.043
0.045
0.047
0.045
0.042
0.039
0.031
0.034
0.040
0.042
0.043
0.041
0.036
0.028
0.026
0.019
0.013
0.002
0.002
-0.007
-0.011
-0.010
-0.009
-0.016
-0.017
-0.018
-0.020
-0.011
-0.004
-0.005
-0.012
-0.016
-0.022
-0.029
-0.028
-0.022
-0.027
-0.029
-0.031
-0.030
-0.025
-0.023
-0.015
-0.016
-0.019
-0.022
-0.025
-0.033
-0.038
-0.046
-0.050
-0.060
-0.065
-0.062
-0.059
-0.061
-0.060
-0.060
-0.054
-0.043
-0.036
-0.039
-0.035
-0.034
-0.034
-0.034
-0.021
-0.019
-0.023
-0.013
-0.002
0.007
0.006
0.018
0.024
0.023
0.016
0.015
0.023
0.019
0.013
0.009
0.008
0.004
0.000
-0.010
-0.007
-0.001
-0.003
-0.013
-0.008
0.000
-0.012
-0.022
-0.014
-0.014
-0.031
-0.041
-0.033
-0.037
-0.044
-0.044
-0.038
-0.036
-0.039
-0.036
-0.042
-0.044
-0.053
-0.059
-0.065
-0.076
-0.083
-0.092
-0.099
-0.109
-0.114
-0.110
-0.113
-0.113
-0.113
-0.111
-0.105
-0.107
-0.111
-0.108
-0.105
-0.109
-0.112
-0.100
-0.088
-0.096
-0.087
-0.076
-0.061
-0.069
-0.072
-0.064
-0.060
-0.057
-0.064
-0.058
-0.052
-0.056
-0.066
-0.071
-0.065
-0.060
-0.062
-0.058
-0.058
-0.055
-0.054
-0.054
-0.050
-0.054
-0.053
-0.050
-0.046
-0.046
-0.048
-0.043
-0.039
-0.034
-0.029
-0.023
-0.021
-0.028
-0.033
-0.038
-0.046
-0.044
-0.043
-0.050
-0.057
-0.066
-0.069
-0.078
-0.086
-0.087
-0.088
-0.089
-0.096
-0.106
-0.111
-0.111
-0.116
-0.121
-0.120
-0.118
-0.123
-0.129
-0.132
-0.130
-0.125
-0.124
-0.118
-0.114
-0.116
-0.122
-0.124
-0.124
-0.127
-0.125
-0.117
-0.114
-0.113
-0.118
-0.120
-0.116
-0.106
-0.100
-0.103
-0.100
-0.096
-0.094
-0.090
-0.090
-0.082
-0.073
-0.069
-0.069
-0.067
-0.063
-0.056
-0.054
-0.046
-0.035
-0.030
-0.033
-0.045
-0.046
-0.048
-0.052
-0.048
-0.045
-0.049
-0.057
-0.062
-0.065
-0.075
-0.078
-0.077
-0.080
-0.090
-0.107
-0.115
-0.110
-0.104
-0.116
-0.126
-0.116
-0.105
-0.114
-0.132
-0.127
-0.108
-0.103
-0.110
-0.104
-0.096
-0.105
-0.115
-0.118
-0.120
-0.121
-0.125
-0.119
-0.120
-0.130
-0.140
-0.146
-0.143
-0.138
-0.143
-0.147
-0.152
-0.156
-0.161
-0.164
-0.161
-0.159
-0.150
-0.149
-0.154
-0.157
-0.153
-0.146
-0.149
-0.145
-0.132
-0.121
-0.126
-0.142
-0.140
-0.131
-0.135
-0.140
-0.137
-0.132
-0.129
-0.141
-0.145
-0.141
-0.139
-0.135
-0.138
-0.142
-0.149
-0.156
-0.157
-0.146
-0.141
-0.144
-0.142
-0.136
-0.126
-0.133
-0.139
-0.133
-0.120
-0.112
-0.115
-0.115
-0.110
-0.116
-0.123
-0.126
-0.131
-0.129
-0.131
-0.133
-0.132
-0.136
-0.139
-0.143
-0.140
-0.143
-0.146
-0.152
-0.156
-0.166
-0.173
-0.170
-0.163
-0.170
-0.171
-0.171
-0.167
-0.165
-0.171
-0.167
-0.163
-0.162
-0.157
-0.144
-0.140
-0.148
-0.154
-0.152
-0.156
-0.161
-0.167
-0.163
-0.161
-0.164
-0.169
-0.171
-0.166
-0.167
-0.168
-0.171
-0.176
-0.185
-0.192
-0.186
-0.181
-0.175
-0.180
-0.177
-0.176
-0.169
-0.167
-0.158
-0.154
-0.149
-0.145
-0.138
-0.132
-0.130
-0.127
-0.133
-0.135
-0.132
-0.136
-0.142
-0.139
-0.135
-0.133
-0.128
-0.129
-0.127
-0.127
-0.128
-0.129
-0.133
-0.142
-0.154
-0.157
-0.152
-0.144
-0.149
-0.166
-0.167
-0.156
-0.146
-0.151
-0.156
-0.159
-0.151
-0.150
-0.153
-0.156
-0.153
-0.143
-0.149
-0.159
-0.164
-0.169
-0.183
-0.189
-0.189
-0.190
-0.196
-0.207
-0.214
-0.219
-0.221
-0.227
-0.229
-0.238
-0.244
-0.250
-0.252
-0.257
-0.252
-0.242
-0.233
-0.223
-0.218
-0.217
-0.210
-0.192
-0.179
-0.180
-0.180
-0.171
-0.158
-0.149
-0.138
-0.130
-0.127
-0.130
-0.124
-0.123
-0.121
-0.124
-0.119
-0.120
-0.121
-0.118
-0.115
-0.118
-0.120
-0.120
-0.119
-0.125
-0.132
-0.147
-0.154
-0.154
-0.150
-0.146
-0.140
-0.146
-0.156
-0.156
-0.146
-0.138
-0.141
-0.151
-0.148
-0.143
-0.140
-0.146
-0.153
-0.153
-0.141
-0.133
-0.138
-0.155
-0.160
-0.157
-0.159
-0.164
-0.169
-0.179
-0.183
-0.181
-0.174
-0.172
-0.177
-0.177
-0.182
-0.187
-0.184
-0.188
-0.192
-0.197
-0.199
-0.195
-0.189
-0.179
-0.175
-0.178
-0.176
-0.168
-0.163
-0.154
-0.147
-0.142
-0.140
-0.144
-0.145
-0.139
-0.140
-0.135
-0.132
-0.128
-0.131
-0.139
-0.140
-0.136
-0.141
-0.147
-0.153
-0.157
-0.153
-0.154
-0.148
-0.145
-0.146
-0.150
-0.150
-0.147
-0.151
-0.151
-0.157
-0.164
-0.161
-0.158
-0.155
-0.151
-0.149
-0.148
-0.136
-0.131
-0.128
-0.124
-0.119
-0.115
-0.110
-0.105
-0.102
-0.099
-0.103
-0.101
-0.100
-0.106
-0.109
-0.110
-0.109
-0.101
-0.096
-0.102
-0.110
-0.118
-0.120
-0.125
-0.132
-0.138
-0.145
-0.146
-0.149
-0.151
-0.149
-0.152
-0.158
-0.158
-0.158
-0.162
-0.168
-0.166
-0.171
-0.178
-0.178
-0.182
-0.185
-0.177
-0.171
-0.170
-0.162
-0.152
-0.151
-0.153
-0.144
-0.133
-0.131
-0.127
-0.119
-0.119
-0.119
-0.114
-0.111
-0.111
-0.105
-0.106
-0.104
-0.104
-0.101
-0.104
-0.099
-0.091
-0.084
-0.084
-0.085
-0.090
-0.099
-0.099
-0.103
-0.106
-0.108
-0.112
-0.110
-0.113
-0.113
-0.116
-0.119
-0.121
-0.116
-0.107
-0.106
-0.106
-0.111
-0.115
-0.118
-0.127
-0.125
-0.118
-0.113
-0.110
-0.112
-0.120
-0.116
-0.114
-0.112
-0.108
-0.097
-0.085
-0.078
-0.077
-0.080
-0.084
-0.091
-0.082
-0.068
-0.061
-0.059
-0.057
-0.057
-0.062
-0.067
-0.073
-0.066
-0.062
-0.065
-0.066
-0.073
-0.078
-0.076
-0.083
-0.090
-0.083
-0.073
-0.069
-0.071
-0.078
-0.086
-0.092
-0.093
-0.093
-0.097
-0.093
-0.095
-0.099
-0.104
-0.107
-0.106
-0.104
-0.099
-0.097
-0.095
-0.091
-0.087
-0.083
-0.081
-0.079
-0.081
-0.077
-0.080
-0.083
-0.084
-0.085
-0.088
-0.093
-0.088
-0.087
-0.083
-0.078
-0.085
-0.088
-0.084
-0.083
-0.079
-0.083
-0.085
-0.078
-0.078
-0.074
-0.077
-0.084
-0.082
-0.081
-0.083
-0.078
-0.079
-0.083
-0.075
-0.077
-0.081
-0.079
-0.085
-0.081
-0.074
-0.076
-0.072
-0.069
-0.071
-0.068
-0.062
-0.058
-0.064
-0.062
-0.059
-0.061
-0.061
-0.056
-0.055
-0.053
-0.052
-0.053
-0.048
-0.043
-0.044
-0.046
-0.042
-0.039
-0.036
-0.033
-0.029
-0.032
-0.035
-0.033
-0.035
-0.043
-0.046
-0.044
-0.045
-0.044
-0.038
-0.039
-0.045
-0.044
-0.044
-0.046
-0.047
-0.043
-0.038
-0.038
-0.038
-0.035
-0.034
-0.036
-0.037
-0.033
-0.034
-0.035
-0.032
-0.029
-0.030
-0.030
-0.033
-0.035
-0.031
-0.031
-0.038
-0.039
-0.038
-0.036
-0.042
-0.045
-0.042
-0.041
-0.042
-0.049
-0.051
-0.049
-0.056
-0.058
-0.056
-0.051
-0.048
-0.052
-0.055
-0.057
-0.053
-0.053
-0.054
-0.052
-0.047
-0.040
-0.039
-0.039
-0.040
-0.041
-0.035
-0.033
-0.031
-0.031
-0.031
-0.028
-0.031
-0.031
-0.037
-0.036
-0.033
-0.034
-0.031
-0.031
-0.032
-0.033
-0.034
-0.034
-0.033
-0.030
-0.036
-0.046
-0.046
-0.049
-0.050
-0.050
-0.049
-0.046
-0.046
-0.044
-0.043
-0.047
-0.047
-0.046
-0.047
-0.046
-0.040
-0.036
-0.032
-0.034
-0.035
-0.038
-0.035
-0.029
-0.023
-0.019
-0.017
-0.022
-0.024
-0.027
-0.028
-0.024
-0.021
-0.018
-0.014
-0.017
-0.021
-0.026
-0.024
-0.022
-0.021
-0.019
-0.018
-0.019
-0.022
-0.025
-0.027
-0.029
-0.026
-0.022
-0.021
-0.022
-0.022
-0.026
-0.029
-0.028
-0.022
-0.018
-0.013
-0.012
-0.015
-0.017
-0.021
-0.021
-0.020
-0.015
-0.010
-0.009
-0.012
-0.013
-0.013
-0.015
-0.018
-0.017
-0.011
-0.012
-0.014
-0.014
-0.016
-0.020
-0.021
-0.022
-0.021
-0.019
-0.018
-0.019
-0.025
-0.030
-0.029
-0.027
-0.029
-0.027
-0.022
-0.022
-0.025
-0.026
-0.026
-0.029
-0.028
-0.024
-0.021
-0.023
-0.024
-0.023
-0.027
-0.025
-0.024
-0.023
-0.021
-0.018
-0.019
-0.021
-0.023
-0.026
-0.027
-0.026
-0.023
-0.024
-0.025
-0.026
-0.027
-0.028
-0.030
-0.029
-0.026
-0.027
-0.027
-0.024
-0.023
-0.024
-0.025
-0.026
-0.025
-0.023
-0.021
-0.017
-0.018
-0.017
-0.014
-0.016
-0.016
-0.011
-0.012
-0.015
-0.011
-0.011
-0.012
-0.012
-0.012
-0.009
-0.010
-0.009
-0.010
-0.010
-0.011
-0.010
-0.012
-0.014
-0.012
-0.009
-0.010
-0.010
-0.013
-0.013
-0.014
-0.013
-0.013
-0.012
-0.012
-0.015
-0.012
-0.012
-0.011
-0.011
-0.014
-0.013
-0.009
-0.013
-0.010
-0.011
-0.010
-0.011
-0.011
-0.010
-0.011
-0.010
-0.006
-0.008
-0.007
-0.007
-0.006
-0.008
-0.009
-0.009
-0.009
-0.010
-0.010
-0.009
-0.011
-0.015
-0.012
-0.011
-0.012
-0.010
-0.015
-0.016
-0.015
-0.016
-0.016
-0.016
-0.015
-0.014
-0.015
-0.015
-0.015
-0.016
-0.020
-0.019
-0.016
-0.015
-0.015
-0.015
-0.014
-0.017
-0.016
-0.015
-0.015
-0.014
-0.016
-0.014
-0.011
-0.015
-0.013
-0.015
-0.015
-0.014
-0.010
-0.011
-0.013
-0.015
-0.013
-0.015
-0.014
-0.015
-0.014
-0.013
-0.018
-0.014
-0.013
-0.014
-0.011
-0.011
-0.010
-0.010
-0.010
-0.010
-0.006
-0.006
-0.005
-0.003
-0.001
0.001
0.002
0.003
-0.001
0.002
0.002
0.000
0.002
0.002
0.001
0.000
-0.002
-0.001
-0.005
-0.008
-0.006
-0.004
-0.003
-0.005
-0.006
-0.007
-0.010
-0.009
-0.008
-0.009
-0.009
-0.009
-0.007
-0.010
-0.011
-0.009
-0.009
-0.009
-0.006
-0.003
-0.005
-0.007
-0.006
-0.007
-0.006
-0.004
-0.005
-0.006
-0.006
-0.006
-0.007
-0.008
-0.009
-0.010
-0.011
-0.013
-0.010
-0.011
-0.015
-0.013
-0.017
-0.016
-0.015
-0.014
-0.014
-0.015
-0.015
-0.015
-0.016
-0.019
-0.017
-0.013
-0.014
-0.015
-0.015
-0.014
-0.015
-0.015
-0.014
-0.014
-0.015
-0.015
-0.013
-0.012
-0.012
-0.010
-0.012
-0.011
-0.010
-0.010
-0.008
-0.010
-0.009
-0.010
-0.012
-0.007
-0.005
-0.007
-0.007
-0.007
-0.005
-0.006
-0.009
-0.006
-0.004
-0.007
-0.007
-0.005
-0.005
-0.005
-0.006
-0.006
-0.007
-0.006
-0.005
-0.008
-0.006
-0.006
-0.006
-0.007
-0.009
-0.009
-0.009
-0.014
-0.018
-0.014
-0.003
-0.008
-0.015
-0.006
-0.004
-0.003
-0.005
-0.003
0.005
-0.005
-0.002
-0.003
-0.005
0.000
-0.003
-0.006
-0.007
-0.005
-0.006
-0.011
-0.005
-0.008
-0.007
-0.010
-0.013
-0.010
-0.013
-0.015
-0.012
-0.016
-0.012
-0.015
-0.016
-0.017
-0.017
-0.015
-0.016
-0.015
-0.012
-0.013
-0.010
-0.014
-0.010
-0.012
-0.012
-0.008
-0.009
-0.012
-0.012
-0.010
-0.011
-0.012
-0.014
-0.014
-0.014
-0.016
-0.014
-0.017
-0.016
-0.018
-0.019
-0.019
-0.017
-0.017
-0.018
-0.021
-0.017
-0.019
-0.017
-0.014
-0.018
-0.017
-0.015
-0.016
-0.013
-0.016
-0.013
-0.013
-0.014
-0.013
-0.011
-0.012
-0.011
-0.015
-0.013
-0.011
-0.012
-0.010
-0.011
-0.014
-0.012
-0.013
-0.012
-0.014
-0.014
-0.012
-0.015
-0.017
-0.012
-0.014
-0.015
-0.012
-0.013
-0.015
-0.012
-0.015
-0.013
-0.011
-0.009
-0.009
-0.012
-0.009
-0.008
-0.011
-0.010
-0.013
-0.011
-0.009
-0.009
-0.010
-0.010
-0.007
-0.010
-0.012
-0.012
-0.009
-0.013
-0.017
-0.017
-0.016
-0.019
-0.022
-0.026
-0.027
-0.026
-0.027
-0.026
-0.026
-0.027
-0.026
-0.027
-0.028
-0.027
-0.027
-0.025
-0.023
-0.022
-0.023
-0.027
-0.026
-0.024
-0.026
-0.023
-0.021
-0.021
-0.022
-0.024
-0.022
-0.026
-0.025
-0.023
-0.023
-0.023
-0.023
-0.024
-0.028
-0.029
-0.025
-0.025
-0.025
-0.026
-0.026
-0.025
-0.027
-0.026
-0.027
-0.027
-0.024
-0.023
-0.020
-0.018
-0.021
-0.022
-0.020
-0.019
-0.021
-0.018
-0.016
-0.018
-0.017
-0.021
-0.020
-0.020
-0.021
-0.021
-0.022
-0.019
-0.019
-0.028
-0.024
-0.024
-0.021
-0.023
-0.023
-0.021
-0.020
-0.023
-0.022
-0.023
-0.024
-0.025
-0.024
-0.029
-0.026
-0.026
-0.027
-0.025
-0.023
-0.023
-0.024
-0.022
-0.022
-0.028
-0.029
-0.030
-0.022
-0.024
-0.027
-0.029
-0.033
-0.033
-0.032
-0.037
-0.037
-0.031
-0.027
-0.030
-0.036
-0.036
-0.037
-0.037
-0.037
-0.033
-0.031
-0.031
-0.028
-0.033
-0.036
-0.033
-0.028
-0.025
-0.025
-0.025
-0.027
-0.031
-0.034
-0.032
-0.032
-0.031
-0.028
-0.031
-0.035
-0.033
-0.040
-0.042
-0.046
-0.045
-0.045
-0.043
-0.042
-0.042
-0.044
-0.041
-0.038
-0.036
-0.036
-0.032
-0.036
-0.041
-0.038
-0.033
-0.036
-0.037
-0.036
-0.031
-0.034
-0.035
-0.040
-0.043
-0.040
-0.036
-0.038
-0.043
-0.049
-0.044
-0.043
-0.046
-0.046
-0.044
-0.043
-0.042
-0.041
-0.045
-0.050
-0.049
-0.051
-0.054
-0.058
-0.058
-0.056
-0.055
-0.053
-0.052
-0.045
-0.041
-0.044
-0.049
-0.052
-0.047
-0.040
-0.039
-0.042
-0.041
-0.034
-0.042
-0.054
-0.057
-0.049
-0.049
-0.053
-0.054
-0.053
-0.056
-0.058
-0.056
-0.057
-0.062
-0.058
-0.049
-0.049
-0.052
-0.052
-0.045
-0.047
-0.055
-0.053
-0.049
-0.054
-0.056
-0.057
-0.057
-0.057
-0.061
-0.057
-0.058
-0.060
-0.062
-0.060
-0.065
-0.066
-0.060
-0.059
-0.058
-0.057
-0.057
-0.058
-0.060
-0.061
-0.069
-0.073
-0.066
-0.068
-0.072
-0.067
-0.064
-0.068
-0.063
-0.057
-0.059
-0.061
-0.055
-0.052
-0.056
-0.057
-0.058
-0.066
-0.066
-0.062
-0.060
-0.067
-0.067
-0.070
-0.074
-0.070
-0.065
-0.071
-0.071
-0.074
-0.076
-0.076
-0.085
-0.081
-0.075
-0.080
-0.082
-0.087
-0.098
-0.101
-0.097
-0.094
-0.092
-0.091
-0.085
-0.090
-0.090
-0.082
-0.089
-0.091
-0.089
-0.091
-0.088
-0.092
-0.091
-0.090
-0.102
-0.096
-0.090
-0.084
-0.080
-0.084
-0.083
-0.095
-0.099
-0.096
-0.098
-0.091
-0.092
-0.098
-0.105
-0.108
-0.104
-0.101
-0.098
-0.096
-0.098
-0.104
-0.111
-0.111
-0.114
-0.109
-0.104
-0.103
-0.098
-0.093
-0.096
-0.100
-0.104
-0.109
-0.105
-0.092
-0.088
-0.094
-0.101
-0.102
-0.102
-0.108
-0.106
-0.111
-0.117
-0.112
-0.116
-0.128
-0.133
-0.133
-0.130
-0.125
-0.120
-0.120
-0.125
-0.125
-0.126
-0.129
-0.128
-0.121
-0.111
-0.112
-0.117
-0.123
-0.117
-0.108
-0.101
-0.101
-0.106
-0.110
-0.104
-0.105
-0.108
-0.106
-0.098
-0.092
-0.090
-0.094
-0.102
-0.106
-0.104
-0.103
-0.102
-0.094
-0.083
-0.082
-0.086
-0.097
-0.099
-0.099
-0.095
-0.096
-0.101
-0.100
-0.099
-0.104
-0.112
-0.128
-0.136
-0.135
-0.140
-0.146
-0.153
-0.164
-0.174
-0.175
-0.171
-0.173
-0.176
-0.177
-0.183
-0.182
-0.178
-0.176
-0.165
-0.156
-0.163
-0.170
-0.169
-0.161
-0.152
-0.150
-0.153
-0.155
-0.147
-0.145
-0.139
-0.132
-0.134
-0.139
-0.141
-0.132
-0.122
-0.113
-0.110
-0.115
-0.120
-0.118
-0.120
-0.118
-0.110
-0.109
-0.127
-0.141
-0.144
-0.144
-0.151
-0.159
-0.171
-0.174
-0.183
-0.189
-0.191
-0.194
-0.198
-0.201
-0.198
-0.202
-0.203
-0.198
-0.198
-0.198
-0.198
-0.198
-0.197
-0.193
-0.187
-0.177
-0.169
-0.169
-0.169
-0.162
-0.155
-0.146
-0.134
-0.126
-0.113
-0.109
-0.102
-0.093
-0.091
-0.099
-0.097
-0.092
-0.094
-0.097
-0.104
-0.111
-0.116
-0.120
-0.123
-0.129
-0.137
-0.138
-0.138
-0.133
-0.130
-0.132
-0.142
-0.152
-0.147
-0.148
-0.155
-0.159
-0.158
-0.168
-0.180
-0.182
-0.176
-0.167
-0.170
-0.183
-0.190
-0.178
-0.164
-0.163
-0.162
-0.161
-0.155
-0.142
-0.139
-0.144
-0.149
-0.158
-0.149
-0.143
-0.146
-0.163
-0.172
-0.171
-0.173
-0.172
-0.171
-0.177
-0.173
-0.168
-0.179
-0.184
-0.180
-0.183
-0.189
-0.188
-0.183
-0.186
-0.188
-0.187
-0.184
-0.181
-0.178
-0.178
-0.174
-0.169
-0.167
-0.160
-0.153
-0.146
-0.147
-0.158
-0.155
-0.148
-0.155
-0.159
-0.157
-0.166
-0.180
-0.188
-0.196
-0.191
-0.186
-0.182
-0.191
-0.195
-0.205
-0.204
-0.207
-0.211
-0.214
-0.206
-0.197
-0.210
-0.219
-0.210
-0.205
-0.207
-0.204
-0.193
-0.178
-0.173
-0.175
-0.176
-0.161
-0.144
-0.135
-0.140
-0.148
-0.145
-0.133
-0.123
-0.137
-0.157
-0.156
-0.142
-0.133
-0.138
-0.142
-0.137
-0.130
-0.141
-0.153
-0.145
-0.137
-0.136
-0.136
-0.143
-0.145
-0.131
-0.132
-0.137
-0.137
-0.126
-0.109
-0.105
-0.108
-0.113
-0.103
-0.098
-0.109
-0.116
-0.110
-0.105
-0.119
-0.123
-0.129
-0.138
-0.146
-0.154
-0.147
-0.141
-0.149
-0.163
-0.174
-0.176
-0.170
-0.181
-0.190
-0.190
-0.188
-0.195
-0.205
-0.196
-0.196
-0.188
-0.189
-0.181
-0.171
-0.162
-0.158
-0.156
-0.151
-0.143
-0.143
-0.139
-0.141
-0.143
-0.140
-0.151
-0.162
-0.166
-0.159
-0.145
-0.151
-0.159
-0.163
-0.165
-0.170
-0.165
-0.171
-0.175
-0.176
-0.181
-0.180
-0.177
-0.173
-0.172
-0.172
-0.161
-0.153
-0.151
-0.151
-0.145
-0.128
-0.125
-0.129
-0.124
-0.114
-0.116
-0.120
-0.124
-0.124
-0.116
-0.110
-0.102
-0.105
-0.109
-0.105
-0.108
-0.109
-0.104
-0.104
-0.111
-0.107
-0.112
-0.124
-0.121
-0.107
-0.099
-0.109
-0.114
-0.104
-0.097
-0.105
-0.114
-0.107
-0.093
-0.089
-0.098
-0.113
-0.115
-0.112
-0.119
-0.129
-0.125
-0.116
-0.108
-0.125
-0.139
-0.140
-0.141
-0.146
-0.142
-0.145
-0.153
-0.157
-0.165
-0.167
-0.161
-0.154
-0.154
-0.151
-0.132
-0.122
-0.128
-0.131
-0.114
-0.094
-0.089
-0.088
-0.077
-0.073
-0.087
-0.094
-0.092
-0.078
-0.075
-0.075
-0.068
-0.064
-0.071
-0.085
-0.094
-0.080
-0.064
-0.077
-0.091
-0.084
-0.083
-0.092
-0.093
-0.074
-0.070
-0.074
-0.070
-0.066
-0.067
-0.071
-0.069
-0.065
-0.060
-0.058
-0.066
-0.069
-0.068
-0.068
-0.081
-0.085
-0.073
-0.069
-0.071
-0.083
-0.088
-0.084
-0.089
-0.093
-0.096
-0.093
-0.088
-0.096
-0.104
-0.099
-0.086
-0.088
-0.096
-0.084
-0.072
-0.078
-0.091
-0.082
-0.068
-0.070
-0.079
-0.084
-0.076
-0.074
-0.080
-0.092
-0.093
-0.089
-0.087
-0.088
-0.086
-0.089
-0.092
-0.097
-0.092
-0.088
-0.097
-0.104
-0.097
-0.098
-0.103
-0.100
-0.094
-0.091
-0.092
-0.090
-0.085
-0.083
-0.074
-0.064
-0.061
-0.059
-0.054
-0.050
-0.050
-0.053
-0.045
-0.041
-0.039
-0.042
-0.041
-0.040
-0.033
-0.038
-0.041
-0.043
-0.039
-0.043
-0.054
-0.048
-0.043
-0.049
-0.054
-0.049
-0.043
-0.048
-0.047
-0.042
-0.041
-0.045
-0.040
-0.033
-0.031
-0.035
-0.037
-0.029
-0.034
-0.033
-0.044
-0.047
-0.043
-0.048
-0.054
-0.054
-0.053
-0.060
-0.070
-0.071
-0.067
-0.075
-0.077
-0.076
-0.078
-0.086
-0.091
-0.090
-0.091
-0.088
-0.079
-0.072
-0.076
-0.073
-0.064
-0.067
-0.063
-0.060
-0.056
-0.056
-0.061
-0.052
-0.062
-0.062
-0.060
-0.061
-0.058
-0.052
-0.057
-0.055
-0.055
-0.052
-0.051
-0.052
-0.047
-0.041
-0.042
-0.044
-0.036
-0.027
-0.023
-0.013
0.000
0.011
0.015
0.024
0.039
0.038
0.039
0.045
0.052
0.052
0.054
0.053
0.052
0.052
0.051
0.052
0.053
0.052
0.049
0.048
0.039
0.036
0.030
0.022
0.017
0.010
0.004
-0.003
-0.002
-0.001
-0.006
0.001
0.003
-0.004
-0.005
0.000
0.002
-0.007
0.000
-0.001
-0.003
-0.006
-0.007
-0.010
-0.012
-0.012
-0.011
-0.012
-0.009
0.001
0.004
0.006
0.002
0.004
0.007
0.003
0.006
0.014
0.005
0.001
0.010
0.017
0.022
0.025
0.035
0.035
0.036
0.045
0.052
0.050
0.051
0.057
0.057
0.057
0.058
0.063
0.061
0.063
0.062
0.063
0.060
0.067
0.067
0.066
0.057
0.046
0.043
0.043
0.042
0.041
0.039
0.029
0.030
0.033
0.031
0.029
0.032
0.042
0.039
0.043
0.046
0.047
0.047
0.059
0.055
0.052
0.055
0.055
0.059
0.056
0.052
0.051
0.050
0.049
0.051
0.055
0.051
0.049
0.044
0.041
0.034
0.038
0.037
0.042
0.040
0.036
0.033
0.045
0.057
0.056
0.063
0.062
0.063
0.073
0.081
0.075
0.075
0.085
0.089
0.088
0.093
0.092
0.101
0.105
0.111
0.103
0.100
0.101
0.104
0.105
0.102
0.103
0.101
0.097
0.100
0.107
0.105
0.103
0.109
0.104
0.105
0.108
0.121
0.119
0.121
0.120
0.118
0.125
0.134
0.128
0.127
0.137
0.136
0.133
0.140
0.143
0.142
0.145
0.144
0.138
0.136
0.140
0.136
0.126
0.126
0.116
0.117
0.118
0.112
0.100
0.107
0.109
0.099
0.096
0.103
0.100
0.101
0.103
0.104
0.102
0.103
0.097
0.096
0.105
0.110
0.105
0.109
0.116
0.118
0.117
0.124
0.131
0.129
0.130
0.136
0.137
0.141
0.130
0.130
0.123
0.126
0.125
0.121
0.119
0.116
0.110
0.109
0.107
0.114
0.105
0.105
0.112
0.113
0.109
0.107
0.104
0.111
0.115
0.116
0.106
0.106
0.115
0.117
0.122
0.129
0.121
0.125
0.131
0.135
0.137
0.146
0.153
0.150
0.151
0.157
0.154
0.155
0.157
0.149
0.145
0.152
0.153
0.150
0.147
0.145
0.138
0.143
0.149
0.149
0.151
0.158
0.152
0.155
0.162
0.156
0.155
0.161
0.162
0.159
0.156
0.154
0.151
0.151
0.152
0.150
0.153
0.156
0.152
0.154
0.159
0.158
0.158
0.162
0.164
0.164
0.163
0.163
0.158
0.151
0.148
0.140
0.143
0.142
0.139
0.134
0.129
0.129
0.129
0.129
0.127
0.123
0.128
0.131
0.134
0.137
0.139
0.139
0.141
0.135
0.135
0.142
0.149
0.153
0.155
0.154
0.154
0.155
0.161
0.168
0.172
0.177
0.180
0.183
0.188
0.196
0.200
0.203
0.208
0.209
0.216
0.219
0.222
0.223
0.225
0.226
0.217
0.214
0.213
0.213
0.210
0.205
0.203
0.205
0.198
0.193
0.188
0.189
0.189
0.182
0.179
0.177
0.176
0.173
0.163
0.159
0.159
0.157
0.156
0.149
0.146
0.142
0.137
0.132
0.131
0.131
0.128
0.126
0.123
0.120
0.120
0.118
0.121
0.121
0.124
0.124
0.125
0.124
0.126
0.129
0.136
0.135
0.142
0.146
0.152
0.155
0.153
0.155
0.156
0.162
0.165
0.167
0.172
0.170
0.172
0.171
0.176
0.175
0.177
0.177
0.183
0.181
0.182
0.181
0.184
0.187
0.185
0.181
0.181
0.182
0.184
0.185
0.185
0.185
0.182
0.179
0.178
0.176
0.178
0.172
0.175
0.169
0.167
0.163
0.160
0.162
0.162
0.161
0.160
0.159
0.156
0.152
0.147
0.144
0.145
0.144
0.148
0.146
0.143
0.142
0.139
0.140
0.138
0.136
0.138
0.138
0.144
0.142
0.142
0.138
0.138
0.139
0.137
0.137
0.141
0.137
0.141
0.138
0.137
0.136
0.132
0.132
0.135
0.131
0.131
0.127
0.127
0.126
0.125
0.123
0.124
0.124
0.121
0.119
0.117
0.116
0.117
0.115
0.114
0.117
0.119
0.118
0.121
0.120
0.120
0.116
0.119
0.118
0.124
0.123
0.124
0.125
0.123
0.122
0.122
0.122
0.124
0.124
0.127
0.125
0.125
0.123
0.126
0.123
0.127
0.126
0.133
0.135
0.135
0.131
0.131
0.128
0.133
0.131
0.132
0.130
0.132
0.128
0.126
0.124
0.124
0.121
0.122
0.119
0.121
0.118
0.117
0.111
0.112
0.110
0.113
0.109
0.111
0.111
0.112
0.109
0.105
0.105
0.104
0.104
0.104
0.104
0.105
0.104
0.104
0.099
0.099
0.098
0.099
0.098
0.101
0.101
0.102
0.100
0.098
0.096
0.097
0.097
0.097
0.099
0.100
0.102
0.103
0.101
0.097
0.095
0.100
0.103
0.102
0.098
0.100
0.099
0.099
0.096
0.097
0.096
0.098
0.097
0.099
0.096
0.097
0.097
0.097
0.095
0.095
0.092
0.092
0.089
0.087
0.085
0.083
0.081
0.081
0.078
0.079
0.077
0.075
0.074
0.071
0.070
0.066
0.065
0.070
0.067
0.067
0.066
0.066
0.064
0.061
0.062
0.061
0.063
0.064
0.062
0.060
0.061
0.058
0.057
0.057
0.058
0.059
0.057
0.060
0.060
0.058
0.058
0.059
0.059
0.060
0.060
0.061
0.062
0.063
0.064
0.065
0.066
0.064
0.067
0.068
0.069
0.070
0.069
0.069
0.070
0.067
0.066
0.068
0.069
0.069
0.068
0.068
0.066
0.065
0.065
0.067
0.068
0.067
0.069
0.071
0.068
0.067
0.068
0.068
0.067
0.068
0.068
0.067
0.065
0.064
0.064
0.059
0.058
0.057
0.060
0.056
0.055
0.054
0.050
0.049
0.048
0.046
0.046
0.045
0.045
0.043
0.042
0.040
0.037
0.037
0.037
0.036
0.035
0.033
0.034
0.032
0.028
0.029
0.029
0.027
0.029
0.027
0.030
0.028
0.028
0.026
0.026
0.028
0.029
0.028
0.030
0.029
0.031
0.028
0.030
0.028
0.029
0.029
0.031
0.032
0.034
0.033
0.033
0.030
0.034
0.034
0.036
0.036
0.040
0.039
0.039
0.038
0.038
0.039
0.041
0.039
0.042
0.041
0.042
0.040
0.042
0.039
0.041
0.039
0.040
0.036
0.038
0.037
0.037
0.035
0.036
0.032
0.032
0.031
0.032
0.033
0.030
0.028
0.029
0.026
0.024
0.023
0.022
0.022
0.021
0.020
0.019
0.017
0.018
0.014
0.015
0.014
0.014
0.010
0.010
0.011
0.009
0.010
0.008
0.009
0.007
0.006
0.005
0.007
0.004
0.005
0.004
0.007
0.006
0.004
0.003
0.003
0.004
0.005
-0.001
0.001
0.001
0.002
0.002
0.003
0.004
0.005
0.003
0.006
0.005
0.006
0.006
0.006
0.007
0.008
0.006
0.008
0.007
0.007
0.009
0.010
0.009
0.010
0.010
0.009
0.009
0.010
0.007
0.009
0.009
0.008
0.008
0.008
0.009
0.007
0.009
0.008
0.006
0.005
0.005
0.006
0.005
0.002
0.003
0.000
0.000
0.000
-0.004
-0.006
-0.007
-0.008
-0.008
-0.014
-0.016
-0.017
-0.019
-0.022
-0.021
-0.025
-0.025
-0.028
-0.026
-0.030
-0.029
-0.031
-0.031
-0.033
-0.031
-0.033
-0.031
-0.031
-0.031
-0.032
-0.030
-0.029
-0.024
-0.024
-0.022
-0.022
-0.017
-0.020
-0.016
-0.017
-0.012
-0.011
-0.006
-0.006
-0.004
-0.003
0.001
0.003
0.004
0.006
0.008
0.008
0.009
0.010
0.014
0.014
0.017
0.016
0.019
0.019
0.018
0.018
0.020
0.019
0.023
0.021
0.020
0.021
0.020
0.021
0.019
0.017
0.017
0.017
0.014
0.014
0.012
0.011
0.010
0.006
0.005
0.006
0.003
0.002
0.000
-0.003
-0.004
-0.003
-0.006
-0.008
-0.009
-0.010
-0.012
-0.013
-0.014
-0.016
-0.017
-0.016
-0.019
-0.021
-0.021
-0.020
-0.021
-0.021
-0.025
-0.024
-0.026
-0.026
-0.025
-0.024
-0.026
-0.024
-0.024
-0.021
-0.024
-0.022
-0.022
-0.021
-0.022
-0.020
-0.021
-0.019
-0.020
-0.014
-0.016
-0.013
-0.014
-0.011
-0.011
-0.009
-0.008
-0.006
-0.006
-0.002
-0.001
-0.001
0.000
0.001
0.002
0.005
0.004
0.007
0.006
Z加速度資料
Z Acc Data:4354
1.027
1.025
1.027
1.029
1.024
1.022
1.022
1.017
1.015
1.022
1.014
1.016
1.014
1.001
1.012
1.009
1.000
1.003
0.998
0.996
0.994
0.994
0.990
0.987
0.985
0.985
0.988
0.984
0.983
0.980
0.979
0.980
0.973
0.974
0.973
0.970
0.977
0.976
0.973
0.980
0.974
0.975
0.976
0.972
0.974
0.976
0.975
0.971
0.980
0.981
0.983
0.982
0.984
0.986
0.986
0.991
0.988
0.989
0.993
0.995
0.998
1.002
1.002
1.005
1.006
1.008
1.007
1.010
1.018
1.012
1.018
1.017
1.019
1.021
1.023
1.031
1.023
1.024
1.026
1.028
1.032
1.027
1.025
1.027
1.026
1.027
1.028
1.027
1.023
1.017
1.024
1.024
1.013
1.019
1.014
1.012
1.014
1.011
1.012
1.010
1.003
1.005
1.004
0.994
0.998
0.995
0.992
0.992
0.989
0.993
0.987
0.986
0.991
0.983
0.979
0.981
0.980
0.979
0.980
0.977
0.978
0.976
0.974
0.974
0.977
0.973
0.976
0.970
0.970
0.976
0.976
0.977
0.974
0.976
0.981
0.982
0.982
0.983
0.983
0.984
0.991
0.986
0.994
0.996
0.993
1.004
1.001
1.003
1.003
1.006
1.006
1.005
1.012
1.013
1.016
1.021
1.019
1.019
1.021
1.021
1.028
1.022
1.023
1.026
1.022
1.028
1.029
1.023
1.023
1.028
1.026
1.026
1.024
1.027
1.025
1.014
1.019
1.020
1.019
1.014
1.013
1.017
1.013
1.011
1.011
1.002
1.006
0.999
0.999
1.003
0.991
0.998
0.999
0.990
0.997
0.984
0.982
0.986
0.984
0.982
0.985
0.977
0.981
0.982
0.977
0.982
0.971
0.974
0.979
0.971
0.979
0.972
0.970
0.976
0.971
0.976
0.983
0.977
0.981
0.980
0.978
0.985
0.984
0.981
0.983
0.990
0.994
0.996
0.993
0.997
0.998
1.002
1.001
0.998
1.005
1.007
1.013
1.011
1.006
1.016
1.019
1.014
1.015
1.018
1.025
1.027
1.018
1.020
1.023
1.026
1.028
1.022
1.023
1.027
1.026
1.025
1.025
1.019
1.021
1.015
1.014
1.021
1.021
1.018
1.023
1.015
1.016
1.011
1.005
1.016
1.007
1.004
0.999
0.995
1.004
1.005
0.994
0.990
0.984
0.991
0.989
0.985
0.990
0.980
0.985
0.988
0.981
0.982
0.972
0.986
0.980
0.971
0.978
0.974
0.972
0.972
0.975
0.974
0.975
0.980
0.976
0.975
0.979
0.984
0.983
0.981
0.982
0.984
0.986
0.990
0.986
0.988
0.993
0.992
1.003
0.998
0.989
1.005
1.009
1.005
1.008
1.004
1.013
1.019
1.015
1.017
1.012
1.025
1.020
1.015
1.022
1.017
1.021
1.025
1.024
1.026
1.019
1.024
1.031
1.015
1.023
1.021
1.022
1.034
1.015
1.020
1.024
1.016
1.022
1.015
1.010
1.019
1.009
1.010
1.005
0.998
1.007
0.998
1.001
1.012
1.000
0.995
0.999
0.989
0.988
0.985
0.983
0.989
0.989
0.987
0.987
0.978
0.978
0.976
0.974
0.975
0.972
0.984
0.983
0.977
0.969
0.969
0.974
0.983
0.981
0.979
0.985
0.982
0.974
0.969
0.978
0.983
0.985
0.995
0.992
0.991
0.992
0.988
0.996
0.998
1.003
1.013
1.008
1.008
1.011
1.005
1.005
1.007
1.009
1.013
1.021
1.022
1.020
1.019
1.017
1.011
1.016
1.022
1.026
1.034
1.021
1.027
1.030
1.017
1.021
1.022
1.021
1.029
1.024
1.023
1.019
1.011
1.016
1.015
1.013
1.021
1.008
1.011
1.016
1.006
1.009
1.005
0.996
1.002
0.997
0.994
0.996
0.991
0.989
0.985
0.987
0.987
0.979
0.986
0.984
0.984
0.984
0.975
0.976
0.973
0.977
0.979
0.977
0.976
0.973
0.976
0.982
0.970
0.965
0.976
0.975
0.985
0.989
0.980
0.985
0.983
0.983
0.994
0.992
0.991
0.996
0.994
1.002
1.001
1.002
1.001
0.994
0.998
1.007
1.010
1.009
1.010
1.010
1.013
1.015
1.009
1.013
1.013
1.018
1.029
1.032
1.029
1.024
1.018
1.019
1.015
1.024
1.030
1.028
1.031
1.025
1.021
1.021
1.014
1.019
1.025
1.023
1.021
1.018
1.011
1.014
1.008
1.010
1.011
1.003
1.007
1.001
1.001
1.005
0.990
0.986
0.989
0.984
0.999
0.999
0.988
0.986
0.976
0.972
0.980
0.984
0.982
0.977
0.975
0.982
0.981
0.975
0.974
0.976
0.979
0.980
0.981
0.974
0.975
0.979
0.982
0.981
0.976
0.979
0.990
0.994
0.987
0.983
0.992
0.999
0.991
0.988
0.986
0.995
1.008
1.007
1.007
1.005
1.006
1.005
1.003
1.001
1.005
1.028
1.031
1.018
1.018
1.018
1.016
1.008
1.001
1.018
1.039
1.042
1.036
1.020
1.013
1.015
1.015
1.022
1.026
1.040
1.038
1.027
1.016
1.001
1.011
1.017
1.013
1.017
1.008
1.014
1.016
1.001
0.993
0.997
0.999
0.997
0.993
1.001
1.008
1.003
0.996
0.985
0.986
0.990
0.987
0.980
0.980
0.976
0.980
0.985
0.980
0.980
0.974
0.971
0.982
0.977
0.971
0.976
0.984
0.985
0.984
0.989
0.980
0.980
0.983
0.982
0.986
0.990
0.979
0.974
0.988
0.985
0.991
0.999
0.990
0.994
0.999
0.995
0.995
0.998
1.013
1.015
1.012
1.019
1.005
1.007
1.018
1.005
1.017
1.019
1.014
1.023
1.024
1.031
1.022
1.016
1.022
1.017
1.037
1.043
1.022
1.027
1.030
1.033
1.020
1.002
1.010
1.017
1.032
1.023
1.017
1.028
1.007
1.005
1.001
1.005
1.010
1.005
1.004
0.990
1.005
1.013
1.001
0.994
0.982
0.996
0.998
0.994
0.986
0.981
0.985
0.998
0.972
0.967
0.975
0.969
0.984
0.964
0.975
0.978
0.980
0.980
0.977
0.977
0.987
0.986
0.973
0.978
0.981
0.981
0.978
0.974
0.978
0.975
0.987
0.984
0.978
0.975
0.977
0.997
1.005
1.011
1.012
1.011
1.008
1.010
1.002
1.004
1.010
1.007
1.030
1.032
1.025
1.019
1.001
1.007
1.005
1.021
1.021
1.014
1.042
1.048
1.039
1.034
1.013
1.016
1.035
1.027
1.027
1.027
1.024
1.024
1.023
1.002
0.993
1.009
1.009
1.005
1.007
1.017
1.011
1.025
1.007
0.988
1.004
1.000
1.004
1.002
0.994
0.994
0.978
0.984
0.986
0.977
0.998
0.984
0.966
0.977
0.974
0.981
0.984
0.992
0.989
0.975
0.982
0.976
0.979
0.990
0.972
0.965
0.972
0.979
0.977
0.984
0.988
0.975
0.989
0.984
0.967
0.989
1.001
0.992
1.001
1.003
0.993
1.004
0.996
0.991
0.995
0.999
1.002
1.017
1.026
1.003
1.004
1.013
1.002
1.014
1.021
1.012
1.032
1.037
1.018
1.020
1.017
1.018
1.022
1.031
1.027
1.008
1.014
1.018
1.005
1.008
1.020
1.027
1.023
1.025
1.015
1.015
1.031
1.015
0.987
0.993
1.004
1.009
1.010
1.001
0.991
1.000
1.005
0.993
0.986
1.001
0.993
0.990
1.011
0.992
0.981
0.992
0.993
0.992
0.987
0.976
0.981
0.992
1.001
0.986
0.971
0.985
0.972
0.975
0.980
0.971
0.976
0.987
1.000
0.999
0.988
0.986
0.978
0.977
0.990
0.960
0.971
0.990
0.983
0.999
0.985
0.973
0.989
0.991
1.002
0.999
0.993
1.017
1.006
1.008
1.014
1.003
1.025
1.010
1.010
1.014
1.012
1.039
1.025
1.012
1.005
1.001
1.025
1.015
1.019
1.033
1.024
1.041
1.036
1.024
1.016
1.009
1.025
1.015
1.028
1.019
0.994
1.008
1.008
1.002
1.005
1.013
1.015
1.020
1.033
1.002
0.995
1.013
1.019
1.007
1.005
1.017
1.010
1.017
1.006
0.980
0.983
0.993
0.995
0.983
0.989
1.003
0.996
0.990
0.986
0.977
0.971
0.986
0.979
0.971
0.975
0.975
0.969
0.954
0.953
0.953
0.966
0.970
0.970
0.969
0.963
0.968
0.962
0.971
0.960
0.973
1.002
0.995
0.992
0.993
0.980
0.973
0.988
0.986
0.990
1.014
1.021
1.015
1.013
1.007
0.991
1.003
1.018
1.010
1.017
1.031
1.027
1.006
1.011
1.006
1.006
1.027
1.036
1.045
1.042
1.028
1.013
1.010
1.007
1.014
1.039
1.056
1.053
1.039
1.027
1.017
1.013
1.027
1.038
1.048
1.062
1.050
1.032
1.023
1.019
1.011
1.016
1.026
1.023
1.029
1.027
1.013
0.993
0.987
0.985
0.989
0.996
0.997
0.991
0.976
0.972
0.959
0.965
0.970
0.974
0.977
0.961
0.946
0.947
0.938
0.939
0.952
0.953
0.964
0.963
0.959
0.947
0.948
0.953
0.951
0.962
0.972
0.976
0.981
0.981
0.959
0.964
0.970
0.973
0.982
0.984
0.976
0.971
0.977
1.000
1.001
1.001
1.004
1.004
0.996
0.996
1.002
1.021
1.035
1.014
1.010
1.017
1.016
1.022
1.033
1.035
1.042
1.038
1.036
1.038
1.052
1.063
1.049
1.054
1.059
1.065
1.072
1.048
1.035
1.047
1.067
1.079
1.066
1.054
1.063
1.049
1.023
1.025
1.027
1.061
1.056
1.020
1.018
1.008
1.004
1.006
1.007
1.004
0.998
0.991
0.992
0.977
0.972
0.965
0.971
0.980
0.959
0.948
0.954
0.955
0.934
0.925
0.949
0.967
0.962
0.950
0.934
0.944
0.954
0.937
0.936
0.949
0.946
0.944
0.935
0.927
0.937
0.949
0.955
0.939
0.937
0.954
0.959
0.975
0.969
0.953
0.955
0.968
0.976
0.974
0.969
0.970
0.985
1.014
1.027
0.998
0.998
1.013
1.035
1.032
1.025
1.043
1.063
1.055
1.030
1.032
1.064
1.090
1.080
1.076
1.075
1.084
1.085
1.077
1.073
1.091
1.093
1.086
1.084
1.069
1.071
1.062
1.053
1.053
1.066
1.079
1.079
1.051
1.016
1.020
1.043
1.043
1.033
1.027
1.015
1.003
0.984
0.965
0.975
0.995
1.002
0.977
0.964
0.966
0.962
0.949
0.940
0.947
0.956
0.955
0.940
0.917
0.906
0.905
0.908
0.922
0.930
0.932
0.928
0.898
0.887
0.900
0.922
0.941
0.940
0.917
0.902
0.897
0.905
0.921
0.937
0.962
0.970
0.958
0.943
0.941
0.955
0.985
1.002
1.002
1.006
1.007
1.003
1.000
1.010
1.030
1.059
1.072
1.070
1.056
1.046
1.053
1.076
1.094
1.101
1.113
1.105
1.093
1.081
1.071
1.081
1.101
1.113
1.112
1.089
1.081
1.078
1.068
1.066
1.075
1.102
1.110
1.079
1.023
1.013
1.040
1.042
1.017
1.016
1.047
1.061
1.007
0.943
0.958
1.005
1.034
1.003
0.975
0.978
0.967
0.926
0.906
0.923
0.954
0.968
0.955
0.931
0.900
0.872
0.892
0.925
0.942
0.938
0.913
0.900
0.892
0.867
0.864
0.907
0.940
0.950
0.924
0.894
0.905
0.906
0.910
0.937
0.963
0.997
0.995
0.948
0.926
0.938
0.977
1.011
1.017
1.026
1.033
1.021
0.996
0.984
1.014
1.073
1.110
1.092
1.064
1.045
1.039
1.057
1.074
1.085
1.100
1.110
1.105
1.084
1.045
1.044
1.084
1.124
1.124
1.097
1.073
1.062
1.050
1.031
1.041
1.077
1.109
1.095
1.043
1.004
0.995
1.011
1.043
1.065
1.067
1.048
1.011
0.978
0.940
0.962
1.006
1.029
1.018
0.972
0.948
0.942
0.936
0.934
0.956
0.987
0.992
0.953
0.917
0.894
0.886
0.912
0.946
0.964
0.963
0.935
0.889
0.889
0.884
0.891
0.940
0.989
0.999
0.971
0.909
0.874
0.895
0.921
0.988
1.014
1.013
0.981
0.926
0.921
0.955
0.991
1.043
1.067
1.041
1.016
0.974
0.968
1.001
1.032
1.064
1.087
1.062
1.032
1.001
0.997
1.027
1.058
1.080
1.079
1.079
1.061
1.027
1.016
1.008
1.027
1.054
1.080
1.095
1.050
0.996
0.966
0.986
1.058
1.095
1.083
1.064
1.029
1.001
0.982
0.976
1.027
1.083
1.091
1.036
0.974
0.946
0.973
1.012
1.036
1.049
1.032
1.004
0.953
0.928
0.950
0.989
1.000
0.991
0.967
0.955
0.959
0.945
0.939
0.954
0.986
0.995
0.978
0.951
0.946
0.976
0.989
0.962
0.940
0.954
0.990
1.011
0.991
0.950
0.938
0.962
0.994
1.025
1.036
1.031
1.006
0.970
0.963
0.979
1.019
1.047
1.041
1.014
0.976
0.955
0.971
0.993
1.016
1.039
1.032
1.012
0.979
0.953
0.956
0.990
1.034
1.050
1.022
0.965
0.940
0.959
0.990
1.027
1.026
1.023
1.035
1.017
0.990
0.968
0.990
1.052
1.079
1.046
0.996
0.963
0.977
1.009
1.023
1.018
1.019
1.025
1.019
1.015
0.996
0.992
1.004
1.000
1.000
1.004
0.996
1.001
0.991
0.971
0.990
1.004
1.032
1.033
1.004
0.994
0.988
0.983
0.994
1.013
1.049
1.056
1.027
0.993
0.979
0.990
1.021
1.053
1.054
1.034
0.997
0.981
1.000
1.022
1.029
1.034
1.024
1.004
0.998
0.997
0.996
0.987
0.980
0.979
0.973
0.976
0.977
0.969
0.965
0.970
0.976
0.992
0.987
0.960
0.951
0.962
0.964
0.956
0.950
0.966
1.011
1.014
0.990
0.975
0.974
0.989
1.011
1.021
1.013
1.000
0.967
0.961
0.987
1.005
1.001
0.990
0.979
0.980
0.987
0.970
0.974
0.993
0.990
0.981
0.987
0.987
0.986
0.980
0.988
0.995
0.991
0.999
0.994
0.996
1.014
0.995
0.984
1.018
1.042
1.048
1.049
1.044
1.046
1.032
1.038
1.050
1.055
1.070
1.048
1.035
1.038
1.048
1.046
1.058
1.070
1.045
1.024
1.026
1.023
1.012
1.003
0.996
1.011
1.016
0.999
0.974
0.968
0.979
0.981
0.986
0.981
0.974
0.971
0.983
0.984
0.973
0.972
0.978
0.990
1.002
0.987
0.967
0.980
0.996
0.998
0.991
0.991
1.010
1.009
0.992
0.981
0.977
0.993
1.010
0.997
0.975
0.954
0.947
0.974
0.980
0.958
0.956
0.960
0.967
0.966
0.964
0.962
0.974
0.966
0.950
0.961
0.986
0.982
0.975
0.966
0.972
0.996
1.004
1.018
1.021
1.010
1.022
1.021
1.027
1.051
1.053
1.041
1.031
1.030
1.026
1.040
1.052
1.048
1.045
1.031
1.030
1.031
1.025
1.029
1.020
1.018
1.010
0.990
1.001
1.009
0.996
0.992
0.978
0.975
0.987
1.000
1.005
0.979
0.987
1.000
1.010
1.023
1.006
1.002
1.002
1.007
1.019
1.006
1.011
1.021
1.011
1.030
1.020
1.007
1.024
1.021
1.030
1.022
1.004
1.005
0.989
0.992
0.996
0.987
0.980
0.952
0.953
0.972
0.972
0.972
0.960
0.958
0.959
0.964
0.969
0.958
0.968
0.968
0.950
0.977
0.984
0.971
0.988
0.984
0.979
1.000
1.005
1.008
1.008
1.017
1.031
1.019
1.022
1.029
1.013
1.025
1.028
1.009
1.011
1.009
1.006
1.016
1.014
1.007
1.005
0.997
0.994
0.993
0.988
0.989
0.989
0.986
0.986
0.978
0.981
0.987
0.990
0.997
1.000
0.995
1.000
1.013
1.018
1.010
1.008
1.017
1.018
1.020
1.014
1.025
1.034
1.026
1.027
1.031
1.038
1.039
1.025
1.023
1.021
1.024
1.026
1.008
1.006
1.018
1.007
0.993
0.981
0.975
0.983
0.990
0.978
0.971
0.978
0.982
0.988
0.984
0.978
0.972
0.980
0.983
0.982
0.985
0.982
0.990
0.992
0.998
0.999
0.991
1.004
1.010
1.001
1.011
1.013
1.007
1.003
1.004
1.009
0.998
0.999
0.992
0.990
1.001
0.983
0.990
0.996
0.989
0.986
0.970
0.975
0.989
0.971
0.973
0.975
0.964
0.985
0.984
0.981
0.989
0.985
0.989
0.994
1.000
1.014
1.019
1.015
1.010
1.009
1.018
1.017
1.012
1.023
1.028
1.030
1.024
1.022
1.034
1.035
1.032
1.022
1.014
1.021
1.025
1.022
1.016
1.013
1.014
1.006
1.000
0.996
0.991
1.001
0.993
0.988
0.996
0.997
1.006
1.004
0.993
0.996
0.998
0.998
0.990
0.998
1.006
1.002
1.008
1.006
1.000
1.007
1.003
1.009
1.012
1.000
1.002
0.999
0.995
1.003
0.996
0.992
0.988
0.984
0.989
0.990
0.987
0.985
0.983
0.981
0.975
0.973
0.970
0.965
0.974
0.974
0.970
0.978
0.980
0.980
0.980
0.984
0.985
0.979
0.990
0.995
0.994
1.013
1.005
1.000
1.012
1.005
1.006
1.011
1.004
1.005
1.011
1.010
1.014
1.015
1.013
1.014
1.011
1.008
1.011
1.011
1.007
1.008
1.004
1.007
1.012
0.998
1.001
1.011
0.997
1.006
1.010
1.004
1.015
1.011
1.009
1.015
1.009
1.009
1.009
1.009
1.014
1.016
1.016
1.021
1.020
1.016
1.017
1.013
1.009
1.016
1.016
1.011
1.006
1.007
1.006
1.003
0.997
0.997
1.000
0.988
0.986
0.989
0.988
0.991
0.987
0.984
0.987
0.980
0.978
0.976
0.977
0.987
0.984
0.980
0.980
0.985
0.988
0.983
0.989
0.989
0.990
0.992
0.992
0.992
0.990
0.993
0.994
0.992
0.996
0.990
0.987
1.000
0.992
0.990
1.000
0.989
0.994
0.997
0.982
0.994
0.995
0.983
1.000
0.998
0.993
0.999
0.990
0.997
1.004
1.000
1.003
1.000
1.006
1.011
1.004
1.014
1.017
1.015
1.013
1.011
1.021
1.018
1.014
1.012
1.013
1.025
1.024
1.017
1.017
1.017
1.023
1.020
1.007
1.018
1.011
1.010
1.017
1.000
1.008
1.013
0.997
1.008
1.002
0.999
1.010
1.005
0.999
1.001
1.002
1.000
0.994
1.000
1.001
0.997
1.000
1.001
0.997
0.996
1.001
0.996
0.989
0.998
0.995
0.993
0.998
0.987
0.989
0.997
0.988
0.989
0.984
0.982
0.989
0.982
0.980
0.981
0.982
0.985
0.982
0.979
0.982
0.985
0.980
0.980
0.989
0.988
0.989
0.989
0.985
0.988
0.995
0.992
0.990
0.994
0.994
1.000
1.001
0.999
1.004
1.002
1.006
1.007
0.996
1.009
1.011
1.008
1.012
1.001
1.005
1.016
1.006
1.003
1.010
1.007
1.013
1.011
1.002
1.016
1.017
1.013
1.013
1.007
1.010
1.014
1.009
1.009
1.017
1.013
1.013
1.020
1.013
1.014
1.019
1.011
1.016
1.006
1.009
1.021
1.011
1.012
1.015
1.007
1.013
1.010
1.004
1.002
1.000
1.008
1.002
0.991
0.998
0.994
0.993
0.995
0.983
0.988
0.992
0.988
0.989
0.984
0.992
0.992
0.984
0.989
0.983
0.990
0.989
0.980
0.995
0.984
0.978
1.010
0.992
0.974
0.984
0.979
0.996
0.988
0.983
0.992
0.983
1.005
0.989
0.975
1.008
0.998
0.982
0.980
0.983
0.996
1.002
0.997
0.987
0.994
1.000
0.990
0.993
0.997
0.997
1.003
0.995
1.000
1.007
1.009
1.019
1.007
1.001
1.015
1.012
1.012
1.020
1.016
1.016
1.021
1.014
1.017
1.021
1.018
1.022
1.018
1.011
1.019
1.016
1.014
1.016
1.009
1.008
1.011
1.008
1.014
1.014
1.012
1.009
0.998
1.003
1.004
0.996
1.001
0.996
1.002
1.010
1.001
1.000
0.995
1.000
1.012
0.998
0.997
0.995
0.992
0.998
0.991
0.998
1.001
0.988
0.989
0.990
0.993
0.990
0.984
0.992
0.984
0.981
0.993
0.984
0.985
0.985
0.977
0.983
0.986
0.980
0.984
0.988
0.989
0.983
0.982
0.983
0.983
0.988
0.986
0.991
0.993
0.988
0.998
0.996
0.999
1.003
0.993
0.998
1.009
1.001
1.011
1.011
1.003
1.013
1.008
1.006
1.015
1.009
1.008
1.007
1.008
1.012
1.007
1.009
1.006
1.001
1.007
1.009
1.007
1.009
1.008
1.009
1.007
1.012
1.008
1.006
1.012
1.005
1.007
1.012
1.005
1.016
1.017
1.013
1.016
1.010
1.015
1.015
1.004
1.006
1.010
1.006
1.005
1.005
1.004
1.002
1.003
1.000
0.999
1.002
1.003
0.997
0.990
0.995
0.996
0.991
0.988
0.985
0.993
0.991
0.986
0.986
0.986
0.991
0.989
0.989
0.993
0.983
0.988
0.991
0.985
0.991
0.985
0.991
0.998
0.978
0.994
0.998
0.987
0.996
0.989
0.991
0.999
0.991
0.998
0.990
0.990
1.001
0.989
0.990
0.997
0.990
0.996
1.002
0.995
0.996
0.993
0.993
0.999
1.001
0.994
0.993
1.007
1.004
0.998
1.007
1.003
1.012
1.010
0.998
1.008
1.010
1.015
1.019
1.005
1.016
1.021
1.014
1.016
1.011
1.015
1.024
1.016
1.003
1.011
1.017
1.015
1.011
0.997
1.008
1.016
1.008
1.008
1.004
1.004
1.015
1.008
1.003
1.008
1.002
0.998
1.001
0.996
1.007
1.009
0.996
0.997
0.994
1.000
0.998
0.994
0.995
0.993
0.996
0.995
0.991
0.998
0.995
0.990
0.988
0.991
1.003
0.999
0.990
0.982
0.986
0.999
0.993
0.986
0.985
0.986
0.993
0.988
0.975
0.980
0.984
0.989
0.991
0.979
0.976
0.984
0.985
0.992
0.996
0.985
0.988
0.990
0.988
1.003
0.993
0.992
1.005
1.001
0.997
1.005
1.012
1.012
1.004
0.998
1.008
1.020
1.008
1.000
1.011
1.016
1.009
1.011
1.009
1.014
1.024
1.013
1.002
1.001
1.003
1.010
1.012
1.005
1.004
1.007
1.015
1.016
1.006
1.011
1.016
1.011
1.011
0.997
1.004
1.020
1.012
1.005
0.999
1.006
1.018
1.009
1.001
1.001
1.009
1.008
1.000
0.995
0.998
0.999
0.996
0.992
0.991
1.000
1.019
1.004
0.986
0.997
0.992
0.981
0.988
0.983
0.975
0.988
0.990
0.980
0.990
0.997
0.983
0.980
0.998
0.990
0.976
0.975
0.985
0.988
1.000
1.008
0.985
0.982
0.995
0.995
1.008
1.011
0.980
0.979
0.996
0.992
1.000
1.000
0.992
0.994
1.002
0.997
0.992
1.000
1.009
1.008
0.997
1.001
0.984
0.983
1.013
1.019
1.013
1.008
0.987
0.997
1.016
1.012
1.009
1.005
0.998
0.996
1.007
1.013
1.029
1.040
1.014
1.007
1.005
1.009
1.024
1.021
1.022
1.004
0.987
1.001
1.007
1.027
1.032
1.005
0.998
0.992
0.993
1.014
1.023
1.017
0.995
0.983
0.988
0.998
1.008
1.005
1.008
1.004
0.990
0.992
0.994
1.002
1.003
0.975
0.975
1.002
1.001
0.994
0.992
0.989
1.000
1.002
0.982
0.968
0.973
0.993
1.000
0.987
0.977
0.973
0.988
1.007
1.002
0.986
0.982
0.983
0.975
0.976
0.975
0.987
1.019
1.009
0.987
0.972
0.977
1.011
1.028
1.022
0.998
0.978
0.984
0.994
1.003
1.016
1.013
1.009
1.008
1.006
1.009
1.017
1.022
1.015
1.005
1.008
1.006
1.013
1.016
1.007
1.005
1.019
1.021
1.027
1.013
0.989
0.990
1.015
1.020
0.997
0.983
1.005
1.015
1.006
1.006
0.999
0.993
0.995
0.985
1.005
1.026
1.004
0.983
0.981
0.985
0.990
1.005
1.031
1.034
1.012
0.960
0.939
0.984
1.041
1.043
1.006
0.967
0.953
0.976
1.011
1.019
1.019
1.010
0.962
0.942
0.978
1.006
1.022
1.023
0.983
0.956
0.957
0.989
1.027
1.031
0.987
0.950
0.957
0.994
1.022
1.018
1.004
0.984
0.973
0.977
0.985
1.002
1.032
1.031
0.996
0.969
0.964
0.999
1.036
1.037
1.019
1.011
0.997
0.992
0.994
1.009
1.047
1.046
1.014
0.985
0.979
1.005
1.040
1.043
1.029
1.016
0.998
0.991
0.985
0.999
1.015
1.019
1.006
0.989
0.976
0.988
1.007
1.011
1.001
0.995
0.992
0.989
1.001
1.014
1.024
1.013
0.982
0.982
1.000
1.003
1.009
1.015
1.021
1.009
0.968
0.962
0.999
1.033
1.037
1.000
0.956
0.960
0.994
1.005
1.021
1.004
0.984
0.983
0.990
0.987
0.969
0.965
0.993
1.003
1.002
0.975
0.946
0.962
0.980
0.974
0.971
0.989
1.004
0.993
0.968
0.963
0.972
1.000
1.019
1.016
1.018
0.996
0.981
0.997
1.018
1.041
1.038
1.021
1.014
0.997
0.992
1.010
1.026
1.027
1.020
1.010
1.020
1.016
0.980
0.973
0.993
1.028
1.042
1.000
0.967
0.963
0.970
1.009
1.020
1.003
0.996
0.973
0.964
0.967
0.995
1.042
1.053
1.029
0.993
0.981
1.013
1.043
1.032
1.021
1.031
1.045
1.026
1.004
1.002
1.027
1.065
1.042
0.997
0.989
1.008
1.039
1.036
0.987
0.973
1.003
1.015
0.997
0.978
0.984
1.002
0.990
0.949
0.925
0.941
1.000
1.012
0.980
0.969
0.951
0.960
0.974
0.972
1.002
1.045
1.024
0.964
0.945
0.962
1.007
1.041
1.023
1.008
1.012
1.012
1.007
1.002
0.999
0.999
0.988
0.989
1.002
1.000
0.972
0.952
0.960
0.967
0.974
0.967
0.990
1.000
0.973
0.942
0.933
0.962
0.984
0.987
0.987
0.992
0.989
0.984
0.964
0.975
1.010
1.027
1.030
1.025
1.032
1.040
1.042
1.023
1.021
1.032
1.062
1.074
1.064
1.039
1.030
1.033
1.013
1.021
1.047
1.071
1.074
1.053
1.018
1.000
0.974
0.967
1.009
1.046
1.040
1.000
0.963
0.967
0.973
0.968
0.987
1.025
1.064
1.052
1.002
0.967
0.961
0.982
1.007
1.040
1.058
1.052
1.015
0.976
0.948
0.954
1.002
1.058
1.079
1.043
0.990
0.964
0.951
0.949
0.952
0.986
1.033
1.010
0.945
0.890
0.881
0.913
0.933
0.944
0.978
1.002
0.978
0.908
0.862
0.882
0.932
0.984
1.003
0.985
0.967
0.951
0.923
0.937
0.987
1.025
1.060
1.065
1.039
1.010
0.971
0.971
1.019
1.060
1.082
1.080
1.052
1.036
1.006
0.988
1.030
1.075
1.094
1.080
1.045
1.014
0.992
0.979
1.003
1.058
1.084
1.047
1.005
0.991
0.988
1.008
1.024
1.034
1.056
1.065
1.050
1.027
1.016
1.012
1.027
1.060
1.076
1.052
1.020
1.014
1.021
1.020
1.020
1.024
1.044
1.055
1.003
0.957
0.957
0.979
0.990
0.983
0.971
0.961
0.947
0.918
0.906
0.938
0.950
0.946
0.935
0.928
0.926
0.897
0.884
0.903
0.946
0.968
0.943
0.917
0.923
0.928
0.941
0.950
0.980
1.018
1.016
0.991
0.963
0.958
0.984
1.016
1.040
1.042
1.024
1.011
0.999
0.989
0.995
1.024
1.063
1.071
1.040
1.014
0.998
1.005
1.017
1.033
1.052
1.059
1.053
1.027
1.007
1.004
1.019
1.041
1.074
1.072
1.059
1.044
1.031
1.034
1.034
1.048
1.085
1.093
1.076
1.057
1.039
1.050
1.060
1.048
1.061
1.077
1.067
1.042
1.001
0.978
0.992
1.018
1.002
0.988
0.984
0.984
0.969
0.939
0.925
0.949
0.975
0.967
0.942
0.913
0.910
0.912
0.911
0.913
0.936
0.935
0.923
0.917
0.909
0.909
0.930
0.958
0.978
0.962
0.951
0.953
0.958
0.966
0.963
0.981
1.005
1.010
0.984
0.968
0.975
1.002
1.007
1.007
1.009
1.016
1.004
0.984
0.970
0.993
1.026
1.048
1.036
1.018
1.020
1.012
1.016
1.026
1.043
1.063
1.060
1.050
1.050
1.036
1.041
1.063
1.082
1.084
1.082
1.069
1.072
1.077
1.067
1.074
1.079
1.100
1.092
1.076
1.057
1.042
1.043
1.040
1.030
1.032
1.033
1.023
1.002
0.984
0.968
0.976
0.985
0.971
0.959
0.958
0.959
0.939
0.925
0.921
0.940
0.942
0.929
0.919
0.928
0.928
0.919
0.917
0.920
0.938
0.948
0.944
0.927
0.930
0.944
0.950
0.952
0.962
0.967
0.972
0.969
0.959
0.963
0.961
0.980
0.989
0.978
0.980
0.988
0.978
0.985
0.988
0.989
1.000
1.003
1.008
1.007
1.008
1.018
1.022
1.025
1.044
1.043
1.046
1.050
1.043
1.041
1.049
1.064
1.075
1.087
1.077
1.078
1.085
1.085
1.072
1.072
1.082
1.087
1.083
1.075
1.071
1.052
1.070
1.063
1.049
1.051
1.035
1.019
1.020
1.002
0.995
0.998
0.989
0.987
0.982
0.970
0.956
0.950
0.953
0.940
0.952
0.951
0.948
0.946
0.944
0.932
0.926
0.937
0.927
0.940
0.959
0.951
0.947
0.954
0.943
0.941
0.956
0.960
0.961
0.964
0.969
0.961
0.960
0.981
0.954
0.958
0.968
0.968
0.993
0.970
0.961
0.973
0.977
0.972
0.987
0.992
0.996
1.012
1.011
1.001
0.986
1.018
1.023
1.016
1.052
1.044
1.041
1.066
1.051
1.040
1.055
1.067
1.064
1.062
1.073
1.078
1.083
1.085
1.067
1.057
1.082
1.077
1.060
1.063
1.054
1.057
1.042
1.036
1.013
1.001
1.027
1.018
1.001
1.000
0.991
0.985
0.981
0.969
0.965
0.965
0.969
0.964
0.970
0.976
0.949
0.940
0.957
0.969
0.965
0.951
0.963
0.966
0.968
0.957
0.964
0.976
0.955
0.970
0.976
0.967
0.987
0.978
0.962
0.958
0.957
0.969
0.964
0.971
0.986
0.960
0.981
0.988
0.957
0.963
0.964
0.984
1.001
0.998
0.989
0.959
0.988
1.020
0.996
0.998
1.007
1.014
1.040
1.044
1.034
1.029
1.043
1.053
1.045
1.054
1.063
1.056
1.073
1.075
1.050
1.051
1.062
1.054
1.040
1.042
1.034
1.043
1.055
1.049
1.035
1.025
1.018
1.014
1.014
1.017
0.997
1.000
1.009
0.996
0.982
0.962
0.965
0.977
0.980
0.976
0.962
0.980
0.981
0.970
0.976
0.972
0.981
0.997
0.998
0.990
0.978
0.978
0.977
0.969
0.971
0.966
0.976
0.979
0.967
0.955
0.947
0.951
0.958
0.971
0.976
0.967
0.966
0.977
0.976
0.966
0.955
0.965
0.978
0.978
0.971
0.968
0.989
0.993
0.970
0.969
0.977
0.992
1.031
1.041
1.032
1.036
1.030
1.034
1.039
1.047
1.055
1.063
1.068
1.051
1.050
1.052
1.050
1.054
1.043
1.041
1.049
1.044
1.045
1.052
1.048
1.036
1.016
1.020
1.027
1.025
1.019
1.013
1.011
1.012
0.998
0.977
0.987
1.003
0.991
0.991
0.982
0.988
1.000
0.990
0.982
0.972
0.980
0.999
0.995
0.993
0.991
0.983
0.984
0.977
0.968
0.976
0.980
0.980
0.963
0.949
0.950
0.951
0.951
0.951
0.961
0.968
0.961
0.943
0.951
0.959
0.952
0.951
0.952
0.970
0.977
0.978
0.966
0.966
0.969
0.976
0.990
1.000
1.013
1.003
1.011
1.020
1.013
1.016
1.026
1.040
1.061
1.057
1.045
1.050
1.052
1.061
1.057
1.055
1.056
1.057
1.051
1.044
1.041
1.044
1.040
1.024
1.031
1.026
1.022
1.034
1.030
1.019
1.010
1.013
1.013
1.018
1.016
1.011
1.008
1.011
1.007
1.000
0.993
0.983
0.990
0.990
0.993
1.006
0.999
0.992
0.990
0.990
0.988
0.980
0.972
0.988
0.995
0.988
0.986
0.956
0.950
0.948
0.938
0.957
0.959
0.949
0.958
0.949
0.944
0.937
0.932
0.952
0.959
0.965
0.966
0.952
0.958
0.957
0.962
0.975
0.985
0.996
0.995
0.990
0.988
0.999
1.007
1.016
1.031
1.035
1.035
1.041
1.036
1.031
1.039
1.043
1.044
1.061
1.054
1.046
1.051
1.044
1.038
1.038
1.035
1.028
1.033
1.040
1.039
1.030
1.026
1.017
1.023
1.025
1.016
1.024
1.030
1.028
1.022
1.016
1.012
1.000
1.003
1.005
1.009
1.016
1.013
1.014
1.005
1.000
0.998
0.999
0.994
0.992
0.996
0.998
0.992
0.976
0.972
0.969
0.960
0.958
0.964
0.968
0.961
0.954
0.941
0.943
0.942
0.946
0.949
0.951
0.955
0.955
0.952
0.940
0.948
0.956
0.958
0.966
0.967
0.974
0.990
0.991
0.990
0.990
0.993
1.011
1.015
1.016
1.017
1.028
1.035
1.025
1.020
1.018
1.028
1.042
1.042
1.038
1.034
1.037
1.042
1.030
1.029
1.030
1.032
1.039
1.026
1.026
1.028
1.030
1.039
1.027
1.024
1.030
1.027
1.033
1.025
1.015
1.023
1.022
1.026
1.028
1.021
1.020
1.020
1.018
1.023
1.018
1.018
1.017
1.014
1.009
1.003
1.004
0.994
0.983
0.984
0.974
0.975
0.978
0.972
0.970
0.960
0.953
0.953
0.947
0.949
0.951
0.950
0.952
0.955
0.948
0.943
0.944
0.948
0.951
0.956
0.961
0.961
0.969
0.975
0.973
0.971
0.980
0.986
0.992
1.002
1.005
1.011
1.009
1.011
1.010
1.006
1.018
1.021
1.017
1.020
1.022
1.023
1.020
1.016
1.027
1.026
1.028
1.032
1.028
1.030
1.022
1.020
1.026
1.023
1.027
1.038
1.034
1.030
1.030
1.026
1.031
1.024
1.026
1.033
1.036
1.038
1.034
1.032
1.028
1.029
1.030
1.025
1.028
1.025
1.022
1.019
1.011
1.002
1.000
0.992
0.994
0.987
0.980
0.983
0.973
0.964
0.961
0.958
0.962
0.961
0.959
0.959
0.958
0.957
0.951
0.944
0.952
0.953
0.951
0.956
0.959
0.961
0.962
0.966
0.967
0.969
0.976
0.982
0.983
0.985
0.990
0.991
0.994
0.990
0.997
1.006
1.002
1.011
1.011
1.009
1.010
1.001
1.005
1.007
1.011
1.019
1.017
1.013
1.019
1.014
1.018
1.024
1.014
1.030
1.035
1.025
1.032
1.030
1.027
1.030
1.030
1.034
1.037
1.038
1.041
1.031
1.036
1.036
1.028
1.042
1.035
1.029
1.037
1.026
1.026
1.024
1.016
1.020
1.011
1.001
1.007
0.997
0.992
0.986
0.976
0.983
0.975
0.974
0.971
0.965
0.967
0.964
0.959
0.965
0.959
0.961
0.965
0.956
0.965
0.962
0.954
0.964
0.962
0.964
0.971
0.968
0.973
0.981
0.977
0.980
0.982
0.983
0.986
0.989
0.988
0.984
0.992
0.995
0.996
0.999
0.998
0.996
1.002
0.996
0.997
1.001
1.001
1.006
1.001
1.012
1.011
1.008
1.014
1.009
1.015
1.024
1.025
1.028
1.027
1.025
1.028
1.032
1.031
1.033
1.035
1.035
1.040
1.043
1.033
1.034
1.040
1.038
1.037
1.032
1.028
1.028
1.024
1.025
1.021
1.016
1.008
1.004
1.007
1.003
0.998
0.990
0.985
0.983
0.989
0.984
0.975
0.973
0.977
0.976
0.975
0.972
0.966
0.966
0.973
0.976
0.974
0.967
0.971
0.970
0.973
0.981
0.977
0.973
0.980
0.979
0.983
0.983
0.976
0.978
0.980
0.984
0.991
0.990
0.986
0.984
0.986
0.989
0.991
0.984
0.981
0.989
0.995
0.989
0.994
0.998
0.999
1.000
1.007
1.005
1.002
1.008
1.008
1.011
1.015
1.020
1.025
1.027
1.028
1.032
1.035
1.032
1.029
1.032
1.032
1.032
1.036
1.033
1.031
1.034
1.032
1.027
1.023
1.022
1.021
1.020
1.016
1.013
1.012
1.006
1.004
1.004
1.000
0.998
0.998
0.996
0.993
0.988
0.988
0.985
0.983
0.985
0.982
0.980
0.982
0.987
0.986
0.987
0.985
0.983
0.985
0.982
0.980
0.984
0.980
0.982
0.985
0.984
0.986
0.980
0.976
0.983
0.978
0.982
0.980
0.976
0.982
0.982
0.982
0.981
0.979
0.980



